5	-5	0.6	1.5708	-5	5	0.6	1.5708	5	5	0.6	1.5708	-5	-5	0.6	1.5708	-5	0	0.6	1.5708	5	0	0.6	1.5708	0	5	0.6	1.5708	0	-5	0.6	1.5708	
4.68332	-4.72732	0.6	1.5708	-4.72332	4.69132	0.6	1.5708	4.68332	4.69132	0.6	1.5708	-4.72732	-4.74332	0.6	1.5708	-4.504	-0.036	0.6	1.5708	4.468	-0.012	0.6	1.5708	-0.04	4.64245	0.6	1.5708	-0.028	-4.66245	0.6	1.5708	
4.35552	-4.45421	0.6	1.5708	-4.46602	4.38697	0.6	1.5708	4.35881	4.39457	0.6	1.5708	-4.45097	-4.45849	0.6	1.5708	-4.03601	-0.0741061	0.6	1.5708	3.936	-0.0393663	0.6	1.5708	-0.0505334	4.26889	0.6	1.5708	-0.0309755	-4.34089	0.6	1.5708	
4.03687	-4.17253	0.6	1.5708	-4.17973	4.0871	0.6	1.5708	4.04287	4.08953	0.6	1.5708	-4.19844	-4.20174	0.6	1.5708	-3.54004	-0.0980058	0.6	1.5708	3.40001	-0.0411636	0.6	1.5708	-0.0726058	3.90334	0.6	1.5708	-0.0378031	-4.01134	0.6	1.5708	
3.73106	-3.92244	0.6	1.5708	-3.9174	3.78331	0.6	1.5708	3.71918	3.76036	0.6	1.5708	-3.93649	-3.93755	0.6	1.5708	-3.07211	-0.132269	0.6	1.5708	2.88402	-0.0747135	0.6	1.5708	-0.10738	3.52832	0.6	1.5708	-0.0700378	-3.66906	0.6	1.5708	
3.43056	-3.6517	0.6	1.5708	-3.68987	3.48129	0.6	1.5708	3.40341	3.45923	0.6	1.5708	-3.72002	-3.65882	0.6	1.5708	-2.77077	-0.176599	0.6	1.5708	2.45445	-0.110631	0.6	1.5708	-0.163764	3.16647	0.6	1.5708	-0.128138	-3.42982	0.6	1.5708	
3.14381	-3.37063	0.6	1.5708	-3.52051	3.17164	0.6	1.5708	3.10801	3.14592	0.6	1.5708	-3.56952	-3.42318	0.6	1.5708	-2.52327	-0.229483	0.6	1.5708	2.04667	-0.198889	0.6	1.5708	-0.227643	2.83866	0.6	1.5708	-0.183988	-3.24804	0.6	1.5708	
2.88867	-3.11648	0.6	1.5708	-3.42035	2.85192	0.6	1.5708	2.82953	2.80738	0.6	1.5708	-3.46806	-3.21003	0.6	1.5708	-2.35526	-0.304262	0.6	1.5708	1.68501	-0.294282	0.6	1.5708	-0.300999	2.50902	0.6	1.5708	-0.259558	-3.38653	0.6	1.5708	
2.66651	-2.90145	0.6	1.5708	-3.3675	2.49964	0.6	1.5708	2.57562	2.49604	0.6	1.5708	-3.39463	-3.07289	0.6	1.5708	-2.27165	-0.368939	0.6	1.5708	1.3254	-0.394155	0.6	1.5708	-0.39349	2.19044	0.6	1.5708	-0.364919	-3.47034	0.6	1.5708	
2.50285	-2.68776	0.6	1.5708	-3.3574	2.19751	0.6	1.5708	2.35118	2.15766	0.6	1.5708	-3.36726	-3.00041	0.6	1.5708	-2.24139	-0.474009	0.6	1.5708	0.998772	-0.533791	0.6	1.5708	-0.500439	1.9057	0.6	1.5708	-0.454192	-3.52195	0.6	1.5708	
2.33235	-2.55846	0.6	1.5708	-3.41538	1.93132	0.6	1.5708	2.15272	1.85437	0.6	1.5708	-3.4072	-2.98646	0.6	1.5708	-2.26266	-0.602295	0.6	1.5708	0.692405	-0.684685	0.6	1.5708	-0.621703	1.63686	0.6	1.5708	-0.521954	-3.60341	0.6	1.5708	
2.28057	-2.46061	0.6	1.5708	-3.5034	1.69259	0.6	1.5708	1.93869	1.54707	0.6	1.5708	-3.4653	-3.084	0.6	1.5708	-2.34726	-0.74236	0.6	1.5708	0.370598	-0.839358	0.6	1.5708	-0.75697	1.41673	0.6	1.5708	-0.54157	-3.72433	0.6	1.5708	
2.20577	-2.42469	0.6	1.5708	-3.60119	1.4731	0.6	1.5708	1.72816	1.25994	0.6	1.5708	-3.48604	-3.24338	0.6	1.5708	-2.50372	-0.900255	0.6	1.5708	0.064202	-1.06174	0.6	1.5708	-0.847637	1.78417	0.6	1.5708	-0.472178	-3.81817	0.6	1.5708	
2.10744	-2.44504	0.6	1.5708	-3.59795	1.32922	0.6	1.5708	1.43455	0.94748	0.6	1.5708	-3.43338	-3.49315	0.6	1.5708	-2.70518	-1.07436	0.6	1.5708	-0.212053	-1.281	0.6	1.5708	-0.995456	1.90106	0.6	1.5708	-0.367946	-3.96907	0.6	1.5708	
2.0269	-2.44557	0.6	1.5708	-3.63082	1.20618	0.6	1.5708	1.13066	0.661484	0.6	1.5708	-3.32014	-3.80371	0.6	1.5708	-2.97295	-1.28087	0.6	1.5708	-0.480641	-1.55824	0.6	1.5708	-1.15911	1.99356	0.6	1.5708	-0.298758	-4.13522	0.6	1.5708	
2.00517	-2.38346	0.6	1.5708	-3.70974	1.07228	0.6	1.5708	0.802686	0.364771	0.6	1.5708	-3.22747	-4.14145	0.6	1.5708	-3.31592	-1.51591	0.6	1.5708	-0.741925	-1.82874	0.6	1.5708	-1.29187	2.0109	0.6	1.5708	-0.159888	-4.36185	0.6	1.5708	
1.98491	-2.25613	0.6	1.5708	-3.77001	0.865031	0.6	1.5708	0.482931	0.0759399	0.6	1.5708	-3.1373	-4.50642	0.6	1.5708	-3.64909	-1.74329	0.6	1.5708	-1.06287	-2.1361	0.6	1.5708	-1.43601	1.93108	0.6	1.5708	0.062983	-4.53132	0.6	1.5708	
1.93908	-2.13358	0.6	1.5708	-3.87611	0.626439	0.6	1.5708	0.137983	-0.215736	0.6	1.5708	-2.97591	-4.89267	0.6	1.5708	-3.99335	-1.96328	0.6	1.5708	-1.41717	-2.42765	0.6	1.5708	-1.57101	1.80619	0.6	1.5708	0.242121	-4.59129	0.6	1.5708	
1.88279	-2.00312	0.6	1.5708	-3.97633	0.348714	0.6	1.5708	-0.202811	-0.512199	0.6	1.5708	-2.82867	-5.29309	0.6	1.5708	-4.36867	-2.2262	0.6	1.5708	-1.80026	-2.72652	0.6	1.5708	-1.69963	1.655	0.6	1.5708	0.30321	-4.58488	0.6	1.5708	
1.8751	-1.77396	0.6	1.5708	-4.05903	0.0600993	0.6	1.5708	-0.560351	-0.789124	0.6	1.5708	-2.67297	-5.67338	0.6	1.5708	-4.75248	-2.48468	0.6	1.5708	-2.20135	-3.03564	0.6	1.5708	-1.78234	1.49848	0.6	1.5708	0.302091	-4.51737	0.6	1.5708	
1.75834	-1.47632	0.6	1.5708	-4.16763	-0.164869	0.6	1.5708	-0.863201	-1.08057	0.6	1.5708	-2.43415	-6.02489	0.6	1.5708	-5.13015	-2.72684	0.6	1.5708	-2.59186	-3.30424	0.6	1.5708	-1.80838	1.33721	0.6	1.5708	0.280123	-4.32814	0.6	1.5708	
1.57226	-1.19634	0.6	1.5708	-4.26287	-0.354296	0.6	1.5708	-1.19826	-1.38392	0.6	1.5708	-2.12813	-6.19272	0.6	1.5708	-5.51939	-2.89592	0.6	1.5708	-2.97105	-3.56378	0.6	1.5708	-1.81855	1.16094	0.6	1.5708	0.282741	-4.06214	0.6	1.5708	
1.38441	-0.908085	0.6	1.5708	-4.34247	-0.483521	0.6	1.5708	-1.57702	-1.73646	0.6	1.5708	-1.88748	-6.17375	0.6	1.5708	-5.86156	-3.01272	0.6	1.5708	-3.39924	-3.81018	0.6	1.5708	-1.87086	0.907094	0.6	1.5708	0.263163	-3.80145	0.6	1.5708	
1.14935	-0.592713	0.6	1.5708	-4.44165	-0.616907	0.6	1.5708	-1.96577	-2.09164	0.6	1.5708	-1.69663	-6.06184	0.6	1.5708	-6.18257	-3.027	0.6	1.5708	-3.83488	-4.12192	0.6	1.5708	-1.89328	0.547764	0.6	1.5708	0.249006	-3.51303	0.6	1.5708	
0.886358	-0.285183	0.6	1.5708	-4.53208	-0.766921	0.6	1.5708	-2.30252	-2.42677	0.6	1.5708	-1.53014	-5.86827	0.6	1.5708	-6.48851	-3.00281	0.6	1.5708	-4.25361	-4.48035	0.6	1.5708	-1.93646	0.195641	0.6	1.5708	0.253969	-3.19517	0.6	1.5708	
0.605069	0.0221398	0.6	1.5708	-4.62335	-0.943826	0.6	1.5708	-2.63029	-2.75963	0.6	1.5708	-1.35221	-5.59961	0.6	1.5708	-6.71763	-3.05754	0.6	1.5708	-4.6897	-4.78105	0.6	1.5708	-2.02287	-0.198607	0.6	1.5708	0.249537	-2.85261	0.6	1.5708	
0.324058	0.321051	0.6	1.5708	-4.74412	-1.13033	0.6	1.5708	-2.92839	-3.09715	0.6	1.5708	-1.17311	-5.28212	0.6	1.5708	-6.91253	-3.11696	0.6	1.5708	-5.12664	-5.04492	0.6	1.5708	-2.14223	-0.5995	0.6	1.5708	0.214028	-2.52411	0.6	1.5708	
-0.00138073	0.580511	0.6	1.5708	-4.8719	-1.34674	0.6	1.5708	-3.26463	-3.44288	0.6	1.5708	-0.985727	-4.96868	0.6	1.5708	-7.08099	-3.21477	0.6	1.5708	-5.54156	-5.28326	0.6	1.5708	-2.28768	-0.933964	0.6	1.5708	0.175973	-2.20263	0.6	1.5708	
-0.329673	0.836621	0.6	1.5708	-5.04286	-1.58556	0.6	1.5708	-3.56919	-3.7591	0.6	1.5708	-0.802319	-4.64725	0.6	1.5708	-7.26379	-3.3282	0.6	1.5708	-5.93944	-5.55698	0.6	1.5708	-2.45799	-1.27819	0.6	1.5708	0.159336	-1.86113	0.6	1.5708	
-0.680395	1.10562	0.6	1.5708	-5.23487	-1.83204	0.6	1.5708	-3.86817	-4.06682	0.6	1.5708	-0.610636	-4.3499	0.6	1.5708	-7.44868	-3.49151	0.6	1.5708	-6.29455	-5.81636	0.6	1.5708	-2.58313	-1.61347	0.6	1.5708	0.139127	-1.51562	0.6	1.5708	
-0.992965	1.34781	0.6	1.5708	-5.40639	-2.09043	0.6	1.5708	-4.12021	-4.37708	0.6	1.5708	-0.435332	-4.03643	0.6	1.5708	-7.66285	-3.6681	0.6	1.5708	-6.61036	-6.075	0.6	1.5708	-2.64452	-1.92229	0.6	1.5708	0.103578	-1.18211	0.6	1.5708	
-1.31145	1.58715	0.6	1.5708	-5.51406	-2.3662	0.6	1.5708	-4.2963	-4.64963	0.6	1.5708	-0.251638	-3.71908	0.6	1.5708	-7.88476	-3.88503	0.6	1.5708	-6.91151	-6.31887	0.6	1.5708	-2.65894	-2.27739	0.6	1.5708	0.0656551	-0.868583	0.6	1.5708	
-1.65106	1.86407	0.6	1.5708	-5.5577	-2.60759	0.6	1.5708	-4.44479	-4.94816	0.6	1.5708	-0.0957163	-3.4058	0.6	1.5708	-8.07609	-4.12603	0.6	1.5708	-7.15327	-6.53884	0.6	1.5708	-2.66197	-2.62329	0.6	1.5708	0.0456998	-0.527041	0.6	1.5708	
-1.96437	2.12221	0.6	1.5708	-5.56449	-2.74109	0.6	1.5708	-4.55353	-5.23135	0.6	1.5708	0.0772771	-3.08884	0.6	1.5708	-8.20529	-4.31629	0.6	1.5708	-7.34296	-6.77294	0.6	1.5708	-2.64079	-2.98213	0.6	1.5708	0.0267766	-0.197493	0.6	1.5708	
-2.27931	2.37361	0.6	1.5708	-5.32031	-2.48374	0.6	1.5708	-4.65952	-5.4831	0.6	1.5708	0.26292	-2.80408	0.6	1.5708	-8.25097	-4.52459	0.6	1.5708	-7.49167	-6.99942	0.6	1.5708	-2.46728	-3.34871	0.6	1.5708	-0.00704488	0.140058	0.6	1.5708	
-2.59877	2.63883	0.6	1.5708	-4.91806	-2.36191	0.6	1.5708	-4.78493	-5.4381	0.6	1.5708	0.420129	-2.48319	0.6	1.5708	-8.09716	-4.45305	0.6	1.5708	-7.58234	-7.25276	0.6	1.5708	-2.1773	-3.65617	0.6	1.5708	-0.0185324	0.485611	0.6	1.5708	
-2.89869	2.90988	0.6	1.5708	-4.48201	-2.39177	0.6	1.5708	-4.84394	-5.36248	0.6	1.5708	0.602713	-2.19872	0.6	1.5708	-7.82584	-4.10946	0.6	1.5708	-7.66697	-7.32384	0.6	1.5708	-1.81261	-3.89667	0.6	1.5708	-0.037081	0.811163	0.6	1.5708	
-3.21639	3.19004	0.6	1.5708	-4.04208	-2.51918	0.6	1.5708	-4.87915	-5.31798	0.6	1.5708	0.788974	-1.88215	0.6	1.5708	-7.50517	-3.78933	0.6	1.5708	-7.8302	-7.14519	0.6	1.5708	-1.49009	-4.12133	0.6	1.5708	-0.0419513	1.15671	0.6	1.5708	
-3.52224	3.47211	0.6	1.5708	-3.59994	-2.67507	0.6	1.5708	-4.91532	-5.29039	0.6	1.5708	0.959519	-1.56566	0.6	1.5708	-7.17541	-3.48708	0.6	1.5708	-7.9242	-6.84019	0.6	1.5708	-1.17847	-4.34377	0.6	1.5708	-0.0700922	1.48625	0.6	1.5708	
-3.8325	3.75194	0.6	1.5708	-3.16891	-2.83333	0.6	1.5708	-4.94732	-5.33039	0.6	1.5708	1.12702	-1.27747	0.6	1.5708	-6.79595	-3.22561	0.6	1.5708	-7.98606	-6.50355	0.6	1.5708	-0.892941	-4.59456	0.6	1.5708	-0.0750402	1.80377	0.6	1.5708	
-4.102	3.96556	0.6	1.5708	-2.71276	-2.9975	0.6	1.5708	-4.97547	-5.32242	0.6	1.5708	1.31896	-0.973417	0.6	1.5708	-6.39362	-3.0375	0.6	1.5708	-7.98851	-6.16673	0.6	1.5708	-0.642131	-4.83508	0.6	1.5708	-0.0827407	2.13328	0.6	1.5708	
-4.2896	4.13244	0.6	1.5708	-2.2514	-3.15536	0.6	1.5708	-5.01331	-5.31301	0.6	1.5708	1.48669	-0.653298	0.6	1.5708	-5.95548	-2.87892	0.6	1.5708	-7.95758	-5.82307	0.6	1.5708	-0.408312	-5.12129	0.6	1.5708	-0.0845384	2.48275	0.6	1.5708	
-4.44368	4.28196	0.6	1.5708	-1.78492	-3.31104	0.6	1.5708	-5.02531	-5.35301	0.6	1.5708	1.67184	-0.369619	0.6	1.5708	-5.50552	-2.74039	0.6	1.5708	-7.9203	-5.45856	0.6	1.5708	-0.190497	-5.43536	0.6	1.5708	-0.0926681	2.81221	0.6	1.5708	
-4.59094	4.40556	0.6	1.5708	-1.33329	-3.45245	0.6	1.5708	-5.02464	-5.30646	0.6	1.5708	1.84455	-0.0538001	0.6	1.5708	-5.05642	-2.65002	0.6	1.5708	-7.85027	-5.12829	0.6	1.5708	0.0139344	-5.76911	0.6	1.5708	-0.105699	3.1416	0.6	1.5708	
-4.68875	4.49645	0.6	1.5708	-0.87671	-3.59592	0.6	1.5708	-5.05264	-5.33046	0.6	1.5708	2.02249	0.241634	0.6	1.5708	-4.59189	-2.53856	0.6	1.5708	-7.76081	-4.79033	0.6	1.5708	0.133335	-6.06879	0.6	1.5708	-0.125607	3.46287	0.6	1.5708	
-4.775	4.58516	0.6	1.5708	-0.41902	-3.7291	0.6	1.5708	-5.05411	-5.30037	0.6	1.5708	2.19681	0.536952	0.6	1.5708	-4.15162	-2.42263	0.6	1.5708	-7.63418	-4.47625	0.6	1.5708	0.141274	-6.33622	0.6	1.5708	-0.112485	3.7543	0.6	1.5708	
-4.848	4.64813	0.6	1.5708	0.0155583	-3.8484	0.6	1.5708	-5.09411	-5.32437	0.6	1.5708	2.36376	0.824071	0.6	1.5708	-3.71136	-2.31867	0.6	1.5708	-7.4642	-4.16692	0.6	1.5708	0.0832841	-6.56922	0.6	1.5708	-0.109988	3.96344	0.6	1.5708	
-4.8864	4.6905	0.6	1.5708	0.470832	-3.9742	0.6	1.5708	-5.09529	-5.2635	0.6	1.5708	2.56357	1.10692	0.6	1.5708	-3.25541	-2.21012	0.6	1.5708	-7.29931	-3.85274	0.6	1.5708	-0.0623945	-6.69157	0.6	1.5708	-0.107991	4.13075	0.6	1.5708	
-4.92512	4.7324	0.6	1.5708	0.907002	-4.09005	0.6	1.5708	-5.13129	-5.2955	0.6	1.5708	2.73391	1.41423	0.6	1.5708	-2.7918	-2.12093	0.6	1.5708	-7.14498	-3.55095	0.6	1.5708	-0.248664	-6.64022	0.6	1.5708	-0.110393	4.2646	0.6	1.5708	
-4.95312	4.7004	0.6	1.5708	1.37598	-4.23609	0.6	1.5708	-5.13303	-5.2484	0.6	1.5708	2.8979	1.69702	0.6	1.5708	-2.35318	-2.01792	0.6	1.5708	-6.95257	-3.25782	0.6	1.5708	-0.351806	-6.47148	0.6	1.5708	-0.120314	4.39168	0.6	1.5708	
-4.98512	4.6764	0.6	1.5708	1.83115	-4.3651	0.6	1.5708	-5.14103	-5.2644	0.6	1.5708	3.06309	2.01143	0.6	1.5708	-1.89106	-1.922	0.6	1.5708	-6.78947	-2.96029	0.6	1.5708	-0.352441	-6.20479	0.6	1.5708	-0.124251	4.48934	0.6	1.5708	
-5.0201	4.70912	0.6	1.5708	2.28821	-4.48148	0.6	1.5708	-5.17703	-5.2764	0.6	1.5708	3.2514	2.32084	0.6	1.5708	-1.46193	-1.80827	0.6	1.5708	-6.59695	-2.64319	0.6	1.5708	-0.317953	-5.99184	0.6	1.5708	-0.127401	4.56348	0.6	1.5708	
-5.0321	4.70512	0.6	1.5708	2.76287	-4.58977	0.6	1.5708	-5.15363	-5.26112	0.6	1.5708	3.43691	2.63385	0.6	1.5708	-1.02101	-1.68617	0.6	1.5708	-6.43652	-2.33407	0.6	1.5708	-0.262362	-5.81347	0.6	1.5708	-0.133921	4.61478	0.6	1.5708	
-5.0361	4.70112	0.6	1.5708	3.1943	-4.71182	0.6	1.5708	-5.16963	-5.28512	0.6	1.5708	3.64452	2.95018	0.6	1.5708	-0.596145	-1.56398	0.6	1.5708	-6.241	-2.03788	0.6	1.5708	-0.24589	-5.67477	0.6	1.5708	-0.115137	4.68782	0.6	1.5708	
-5.0521	4.68912	0.6	1.5708	3.54344	-4.79745	0.6	1.5708	-5.1477	-5.26409	0.6	1.5708	3.82431	3.23845	0.6	1.5708	-0.167147	-1.45403	0.6	1.5708	-6.08325	-1.71715	0.6	1.5708	-0.236712	-5.56382	0.6	1.5708	-0.132109	4.71426	0.6	1.5708	
-5.0801	4.67712	0.6	1.5708	3.81075	-4.87396	0.6	1.5708	-5.1837	-5.29209	0.6	1.5708	3.99771	3.53019	0.6	1.5708	0.265418	-1.3593	0.6	1.5708	-5.89156	-1.41427	0.6	1.5708	-0.205369	-5.47106	0.6	1.5708	-0.156109	4.68226	0.6	1.5708	
-5.09608	4.7057	0.6	1.5708	4.0366	-4.93117	0.6	1.5708	-5.17096	-5.26968	0.6	1.5708	4.18217	3.80415	0.6	1.5708	0.716688	-1.2343	0.6	1.5708	-5.73325	-1.13541	0.6	1.5708	-0.196296	-5.38884	0.6	1.5708	-0.152887	4.72981	0.6	1.5708	
-5.12008	4.6937	0.6	1.5708	4.22528	-4.95694	0.6	1.5708	-5.16877	-5.24774	0.6	1.5708	4.30973	4.02732	0.6	1.5708	1.15172	-1.14087	0.6	1.5708	-5.6186	-0.944331	0.6	1.5708	-0.177036	-5.32708	0.6	1.5708	-0.172887	4.68981	0.6	1.5708	
-5.13606	4.72696	0.6	1.5708	4.35622	-4.98155	0.6	1.5708	-5.18477	-5.28774	0.6	1.5708	4.41579	4.20186	0.6	1.5708	1.60483	-1.00817	0.6	1.5708	-5.51488	-0.795465	0.6	1.5708	-0.157629	-5.30166	0.6	1.5708	-0.14631	4.72385	0.6	1.5708	
-5.14806	4.71896	0.6	1.5708	4.45298	-5.02124	0.6	1.5708	-5.18781	-5.25019	0.6	1.5708	4.52463	4.34149	0.6	1.5708	2.04583	-0.911275	0.6	1.5708	-5.4239	-0.664372	0.6	1.5708	-0.134103	-5.27333	0.6	1.5708	-0.17431	4.68385	0.6	1.5708	
-5.13045	4.76317	0.6	1.5708	4.55038	-5.03299	0.6	1.5708	-5.19181	-5.28619	0.6	1.5708	4.5837	4.46919	0.6	1.5708	2.46412	-0.777906	0.6	1.5708	-5.34312	-0.539498	0.6	1.5708	-0.142103	-5.31333	0.6	1.5708	-0.167448	4.73508	0.6	1.5708	
-5.17045	4.74717	0.6	1.5708	4.63631	-5.05839	0.6	1.5708	-5.18945	-5.24095	0.6	1.5708	4.65496	4.57135	0.6	1.5708	2.91082	-0.653197	0.6	1.5708	-5.3065	-0.443598	0.6	1.5708	-0.149683	-5.27066	0.6	1.5708	-0.175448	4.72708	0.6	1.5708	
-5.19445	4.72717	0.6	1.5708	4.69305	-5.06671	0.6	1.5708	-5.20545	-5.24895	0.6	1.5708	4.69997	4.64908	0.6	1.5708	3.32065	-0.550557	0.6	1.5708	-5.2532	-0.366878	0.6	1.5708	-0.169683	-5.30266	0.6	1.5708	-0.164358	4.76166	0.6	1.5708	
-5.19556	4.76173	0.6	1.5708	4.68105	-5.09471	0.6	1.5708	-5.19636	-5.21116	0.6	1.5708	4.72798	4.68326	0.6	1.5708	3.62852	-0.464446	0.6	1.5708	-5.20656	-0.317503	0.6	1.5708	-0.171746	-5.24613	0.6	1.5708	-0.184358	4.74966	0.6	1.5708	
-5.21956	4.72573	0.6	1.5708	4.71284	-5.10777	0.6	1.5708	-5.23236	-5.22716	0.6	1.5708	4.75038	4.70661	0.6	1.5708	3.87082	-0.403557	0.6	1.5708	-5.16925	-0.266002	0.6	1.5708	-0.195746	-5.27413	0.6	1.5708	-0.204358	4.73366	0.6	1.5708	
-5.21165	4.75659	0.6	1.5708	4.67284	-5.13577	0.6	1.5708	-5.22189	-5.21373	0.6	1.5708	4.7883	4.75329	0.6	1.5708	4.09265	-0.330845	0.6	1.5708	-5.20525	-0.306002	0.6	1.5708	-0.168597	-5.2353	0.6	1.5708	-0.203487	4.75093	0.6	1.5708	
-5.20932	4.77327	0.6	1.5708	4.71827	-5.14462	0.6	1.5708	-5.22589	-5.22573	0.6	1.5708	4.79464	4.77463	0.6	1.5708	4.23812	-0.296676	0.6	1.5708	-5.2042	-0.260802	0.6	1.5708	-0.176597	-5.2473	0.6	1.5708	-0.186789	4.79674	0.6	1.5708	
-5.24132	4.74927	0.6	1.5708	4.75062	-5.13569	0.6	1.5708	-5.18471	-5.21658	0.6	1.5708	4.76264	4.76663	0.6	1.5708	4.3865	-0.253341	0.6	1.5708	-5.20336	-0.224641	0.6	1.5708	-0.200597	-5.2873	0.6	1.5708	-0.190789	4.77274	0.6	1.5708	
-5.21306	4.77542	0.6	1.5708	4.73462	-5.15169	0.6	1.5708	-5.21271	-5.22058	0.6	1.5708	4.80612	4.79331	0.6	1.5708	4.4772	-0.238673	0.6	1.5708	-5.23136	-0.264641	0.6	1.5708	-0.164478	-5.23384	0.6	1.5708	-0.226789	4.74474	0.6	1.5708	
-5.23706	4.75542	0.6	1.5708	4.72662	-5.17169	0.6	1.5708	-5.22471	-5.24858	0.6	1.5708	4.77812	4.78531	0.6	1.5708	4.57776	-0.210938	0.6	1.5708	-5.20509	-0.239713	0.6	1.5708	-0.172478	-5.24984	0.6	1.5708	-0.221431	4.76779	0.6	1.5708	
-5.21764	4.78833	0.6	1.5708	4.74529	-5.14535	0.6	1.5708	-5.19177	-5.23887	0.6	1.5708	4.75812	4.74931	0.6	1.5708	4.62621	-0.208751	0.6	1.5708	-5.23309	-0.279713	0.6	1.5708	-0.212478	-5.27384	0.6	1.5708	-0.197145	4.79024	0.6	1.5708	
-5.24964	4.76433	0.6	1.5708	4.74129	-5.14935	0.6	1.5708	-5.19577	-5.26287	0.6	1.5708	4.80249	4.79144	0.6	1.5708	4.66497	-0.183001	0.6	1.5708	-5.21447	-0.22777	0.6	1.5708	-0.197982	-5.24707	0.6	1.5708	-0.221145	4.77424	0.6	1.5708	
-5.23572	4.79147	0.6	1.5708	4.72529	-5.18535	0.6	1.5708	-5.16861	-5.24229	0.6	1.5708	4.77049	4.78744	0.6	1.5708	4.69997	-0.1544	0.6	1.5708	-5.25047	-0.25977	0.6	1.5708	-0.182386	-5.20966	0.6	1.5708	-0.229145	4.75824	0.6	1.5708	
-5.26372	4.77947	0.6	1.5708	4.76823	-5.18028	0.6	1.5708	-5.19661	-5.25429	0.6	1.5708	4.73849	4.76744	0.6	1.5708	4.73198	-0.13552	0.6	1.5708	-5.21637	-0.215816	0.6	1.5708	-0.218386	-5.23766	0.6	1.5708	-0.199316	4.78259	0.6	1.5708	
-5.25097	4.79557	0.6	1.5708	4.74823	-5.18828	0.6	1.5708	-5.17729	-5.24343	0.6	1.5708	4.78679	4.80996	0.6	1.5708	4.72398	-0.17552	0.6	1.5708	-5.24837	-0.239816	0.6	1.5708	-0.178708	-5.23013	0.6	1.5708	-0.235316	4.75059	0.6	1.5708	
-5.24078	4.79646	0.6	1.5708	4.73223	-5.21628	0.6	1.5708	-5.18129	-5.28343	0.6	1.5708	4.77879	4.78196	0.6	1.5708	4.77118	-0.152416	0.6	1.5708	-5.2267	-0.227853	0.6	1.5708	-0.218708	-5.27013	0.6	1.5708	-0.208253	4.76047	0.6	1.5708	
-5.26878	4.76046	0.6	1.5708	4.77779	-5.21303	0.6	1.5708	-5.18103	-5.23875	0.6	1.5708	4.77479	4.74596	0.6	1.5708	4.73118	-0.180416	0.6	1.5708	-5.20136	-0.186283	0.6	1.5708	-0.198967	-5.2241	0.6	1.5708	-0.190602	4.79238	0.6	1.5708	
-5.21902	4.77637	0.6	1.5708	4.77379	-5.25303	0.6	1.5708	-5.20903	-5.27875	0.6	1.5708	4.79183	4.76876	0.6	1.5708	4.77295	-0.148333	0.6	1.5708	-5.22536	-0.190282	0.6	1.5708	-0.202967	-5.2601	0.6	1.5708	-0.194602	4.76838	0.6	1.5708	
-5.25102	4.73637	0.6	1.5708	4.80303	-5.22242	0.6	1.5708	-5.17123	-5.243	0.6	1.5708	4.77584	4.73277	0.6	1.5708	4.73695	-0.172333	0.6	1.5708	-5.25336	-0.202282	0.6	1.5708	-0.194373	-5.22008	0.6	1.5708	-0.222602	4.74038	0.6	1.5708	
-5.20482	4.75709	0.6	1.5708	4.77903	-5.24642	0.6	1.5708	-5.19523	-5.247	0.6	1.5708	4.81667	4.75821	0.6	1.5708	4.72895	-0.200333	0.6	1.5708	-5.23469	-0.165826	0.6	1.5708	-0.214373	-5.24408	0.6	1.5708	-0.206082	4.7883	0.6	1.5708	
-5.18785	4.80167	0.6	1.5708	4.80322	-5.21714	0.6	1.5708	-5.20723	-5.275	0.6	1.5708	4.81267	4.71821	0.6	1.5708	4.77116	-0.192266	0.6	1.5708	-5.24669	-0.197826	0.6	1.5708	-0.175499	-5.23527	0.6	1.5708	-0.226082	4.7483	0.6	1.5708	
-5.21185	4.76568	0.6	1.5708	4.79122	-5.22114	0.6	1.5708	-5.19378	-5.236	0.6	1.5708	4.81813	4.73857	0.6	1.5708	4.73916	-0.212266	0.6	1.5708	-5.27469	-0.201826	0.6	1.5708	-0.211499	-5.24327	0.6	1.5708	-0.188865	4.78664	0.6	1.5708	
-5.25185	4.74568	0.6	1.5708	4.75922	-5.23314	0.6	1.5708	-5.19778	-5.272	0.6	1.5708	4.85051	4.77486	0.6	1.5708	4.76333	-0.185813	0.6	1.5708	-5.22775	-0.185461	0.6	1.5708	-0.185199	-5.21061	0.6	1.5708	-0.200865	4.75464	0.6	1.5708	
-5.21348	4.77254	0.6	1.5708	4.77138	-5.22651	0.6	1.5708	-5.19823	-5.2336	0.6	1.5708	4.82651	4.75086	0.6	1.5708	4.73533	-0.197813	0.6	1.5708	-5.25575	-0.209461	0.6	1.5708	-0.197199	-5.24261	0.6	1.5708	-0.196692	4.79171	0.6	1.5708	
-5.21748	4.75254	0.6	1.5708	4.8011	-5.18921	0.6	1.5708	-5.20223	-5.2536	0.6	1.5708	4.80651	4.71886	0.6	1.5708	4.75226	-0.17825	0.6	1.5708	-5.2086	-0.171569	0.6	1.5708	-0.233199	-5.25861	0.6	1.5708	-0.228692	4.75571	0.6	1.5708	
-5.21399	4.78203	0.6	1.5708	4.7731	-5.22121	0.6	1.5708	-5.19778	-5.20688	0.6	1.5708	4.83321	4.75908	0.6	1.5708	4.74426	-0.21025	0.6	1.5708	-5.2486	-0.187569	0.6	1.5708	-0.210559	-5.23489	0.6	1.5708	-0.210954	4.78857	0.6	1.5708	
-5.21799	4.74203	0.6	1.5708	4.79448	-5.18497	0.6	1.5708	-5.21778	-5.24288	0.6	1.5708	4.80121	4.75508	0.6	1.5708	4.78341	-0.1962	0.6	1.5708	-5.2566	-0.227569	0.6	1.5708	-0.214559	-5.26689	0.6	1.5708	-0.238954	4.75257	0.6	1.5708	
-5.18239	4.78163	0.6	1.5708	4.77048	-5.22097	0.6	1.5708	-5.19022	-5.2223	0.6	1.5708	4.79321	4.73508	0.6	1.5708	4.76341	-0.2362	0.6	1.5708	-5.24128	-0.214055	0.6	1.5708	-0.187647	-5.23751	0.6	1.5708	-0.199163	4.78206	0.6	1.5708	
-5.19839	4.74963	0.6	1.5708	4.79639	-5.20877	0.6	1.5708	-5.20622	-5.2263	0.6	1.5708	4.79856	4.76007	0.6	1.5708	4.78273	-0.22496	0.6	1.5708	-5.21302	-0.203244	0.6	1.5708	-0.203647	-5.24151	0.6	1.5708	-0.223163	4.75806	0.6	1.5708	
-5.17471	4.7597	0.6	1.5708	4.78439	-5.23277	0.6	1.5708	-5.23422	-5.2383	0.6	1.5708	4.79456	4.72007	0.6	1.5708	4.74273	-0.25696	0.6	1.5708	-5.24502	-0.219244	0.6	1.5708	-0.207647	-5.28151	0.6	1.5708	-0.20653	4.78645	0.6	1.5708	
-5.19471	4.7517	0.6	1.5708	4.81551	-5.22222	0.6	1.5708	-5.19938	-5.23064	0.6	1.5708	4.81965	4.73605	0.6	1.5708	4.77018	-0.241568	0.6	1.5708	-5.22402	-0.215395	0.6	1.5708	-0.198118	-5.22921	0.6	1.5708	-0.22253	4.74645	0.6	1.5708	
-5.19871	4.7237	0.6	1.5708	4.79551	-5.24622	0.6	1.5708	-5.22738	-5.24664	0.6	1.5708	4.83172	4.76084	0.6	1.5708	4.78015	-0.197255	0.6	1.5708	-5.26002	-0.255395	0.6	1.5708	-0.202118	-5.25321	0.6	1.5708	-0.198024	4.78116	0.6	1.5708	
-5.19097	4.75896	0.6	1.5708	4.83241	-5.23297	0.6	1.5708	-5.1939	-5.20931	0.6	1.5708	4.80772	4.72484	0.6	1.5708	4.74415	-0.201255	0.6	1.5708	-5.24402	-0.232316	0.6	1.5708	-0.169694	-5.21457	0.6	1.5708	-0.222024	4.77716	0.6	1.5708	
-5.21897	4.72296	0.6	1.5708	4.80441	-5.24097	0.6	1.5708	-5.2059	-5.21331	0.6	1.5708	4.81818	4.77187	0.6	1.5708	4.78732	-0.185004	0.6	1.5708	-5.23521	-0.225853	0.6	1.5708	-0.177694	-5.23057	0.6	1.5708	-0.230024	4.74516	0.6	1.5708	
-5.20318	4.77037	0.6	1.5708	4.78441	-5.28097	0.6	1.5708	-5.2259	-5.21731	0.6	1.5708	4.78618	4.75588	0.6	1.5708	4.77932	-0.205004	0.6	1.5708	-5.22017	-0.188682	0.6	1.5708	-0.205694	-5.24657	0.6	1.5708	-0.19602	4.78812	0.6	1.5708	
-5.21518	4.73837	0.6	1.5708	4.81153	-5.24078	0.6	1.5708	-5.2579	-5.22131	0.6	1.5708	4.81694	4.7647	0.6	1.5708	4.75132	-0.217004	0.6	1.5708	-5.25217	-0.216682	0.6	1.5708	-0.184555	-5.23325	0.6	1.5708	-0.20802	4.78012	0.6	1.5708	
-5.17614	4.7667	0.6	1.5708	4.77553	-5.25678	0.6	1.5708	-5.23032	-5.20505	0.6	1.5708	4.79694	4.7407	0.6	1.5708	4.79305	-0.185603	0.6	1.5708	-5.22974	-0.201346	0.6	1.5708	-0.204555	-5.27325	0.6	1.5708	-0.24402	4.75612	0.6	1.5708	
-5.19614	4.75469	0.6	1.5708	4.78042	-5.21742	0.6	1.5708	-5.23832	-5.20905	0.6	1.5708	4.83355	4.76456	0.6	1.5708	4.78905	-0.209603	0.6	1.5708	-5.24574	-0.225346	0.6	1.5708	-0.183644	-5.2386	0.6	1.5708	-0.215216	4.7889	0.6	1.5708	
-5.23614	4.7387	0.6	1.5708	4.74842	-5.23342	0.6	1.5708	-5.19466	-5.17124	0.6	1.5708	4.80155	4.76056	0.6	1.5708	4.77305	-0.229603	0.6	1.5708	-5.21659	-0.208277	0.6	1.5708	-0.191644	-5.2546	0.6	1.5708	-0.227216	4.7609	0.6	1.5708	
-5.20491	4.75096	0.6	1.5708	4.76674	-5.20274	0.6	1.5708	-5.19866	-5.19924	0.6	1.5708	4.76155	4.75256	0.6	1.5708	4.80644	-0.199682	0.6	1.5708	-5.23659	-0.240277	0.6	1.5708	-0.177315	-5.24368	0.6	1.5708	-0.221772	4.79272	0.6	1.5708	
-5.17193	4.78077	0.6	1.5708	4.74274	-5.20674	0.6	1.5708	-5.22266	-5.21524	0.6	1.5708	4.80124	4.77405	0.6	1.5708	4.77444	-0.227682	0.6	1.5708	-5.20527	-0.224221	0.6	1.5708	-0.209315	-5.26768	0.6	1.5708	-0.233772	4.75272	0.6	1.5708	
-5.19593	4.77676	0.6	1.5708	4.77819	-5.18539	0.6	1.5708	-5.24666	-5.23124	0.6	1.5708	4.77724	4.74205	0.6	1.5708	4.79955	-0.218146	0.6	1.5708	-5.22127	-0.260221	0.6	1.5708	-0.195452	-5.22615	0.6	1.5708	-0.199018	4.76618	0.6	1.5708	
-5.22793	4.74077	0.6	1.5708	4.73819	-5.19339	0.6	1.5708	-5.20133	-5.22499	0.6	1.5708	4.78579	4.76564	0.6	1.5708	4.77555	-0.226146	0.6	1.5708	-5.19702	-0.216177	0.6	1.5708	-0.227452	-5.25815	0.6	1.5708	-0.239018	4.75018	0.6	1.5708	
-5.21034	4.77661	0.6	1.5708	4.75455	-5.19471	0.6	1.5708	-5.22133	-5.23699	0.6	1.5708	4.80464	4.78051	0.6	1.5708	4.78044	-0.220917	0.6	1.5708	-5.22502	-0.244177	0.6	1.5708	-0.185962	-5.24652	0.6	1.5708	-0.215214	4.77214	0.6	1.5708	
-5.23834	4.75261	0.6	1.5708	4.72255	-5.21871	0.6	1.5708	-5.19706	-5.21759	0.6	1.5708	4.79664	4.74451	0.6	1.5708	4.74444	-0.248917	0.6	1.5708	-5.21601	-0.215342	0.6	1.5708	-0.193962	-5.28252	0.6	1.5708	-0.243214	4.74414	0.6	1.5708	
-5.19467	4.79009	0.6	1.5708	4.75804	-5.19897	0.6	1.5708	-5.22106	-5.22159	0.6	1.5708	4.82131	4.78361	0.6	1.5708	4.76355	-0.235133	0.6	1.5708	-5.25601	-0.251342	0.6	1.5708	-0.18317	-5.23801	0.6	1.5708	-0.206572	4.77931	0.6	1.5708	
-5.22267	4.78609	0.6	1.5708	4.72204	-5.23897	0.6	1.5708	-5.24506	-5.25759	0.6	1.5708	4.78531	4.77561	0.6	1.5708	4.79484	-0.212107	0.6	1.5708	-5.23281	-0.225073	0.6	1.5708	-0.19517	-5.25001	0.6	1.5708	-0.246572	4.76731	0.6	1.5708	
-5.24668	4.76609	0.6	1.5708	4.74963	-5.23118	0.6	1.5708	-5.20805	-5.23808	0.6	1.5708	4.78131	4.77161	0.6	1.5708	4.76684	-0.252107	0.6	1.5708	-5.21825	-0.192059	0.6	1.5708	-0.160136	-5.20401	0.6	1.5708	-0.217257	4.78185	0.6	1.5708	
-5.23734	4.80487	0.6	1.5708	4.77171	-5.20494	0.6	1.5708	-5.21205	-5.25408	0.6	1.5708	4.76131	4.75561	0.6	1.5708	4.78548	-0.241685	0.6	1.5708	-5.25025	-0.232059	0.6	1.5708	-0.172136	-5.22801	0.6	1.5708	-0.229257	4.75385	0.6	1.5708	
-5.27734	4.76887	0.6	1.5708	4.75571	-5.21694	0.6	1.5708	-5.18964	-5.21526	0.6	1.5708	4.80105	4.79649	0.6	1.5708	4.82438	-0.233348	0.6	1.5708	-5.2122	-0.193647	0.6	1.5708	-0.212136	-5.25601	0.6	1.5708	-0.219406	4.76308	0.6	1.5708	
-5.24987	4.7991	0.6	1.5708	4.79256	-5.20155	0.6	1.5708	-5.22164	-5.24726	0.6	1.5708	4.76505	4.77649	0.6	1.5708	4.79638	-0.261348	0.6	1.5708	-5.2202	-0.225647	0.6	1.5708	-0.177708	-5.22481	0.6	1.5708	-0.183525	4.77046	0.6	1.5708	
-5.2079	4.82328	0.6	1.5708	4.78856	-5.22955	0.6	1.5708	-5.20531	-5.20981	0.6	1.5708	4.78804	4.79319	0.6	1.5708	4.8251	-0.245079	0.6	1.5708	-5.2482	-0.229647	0.6	1.5708	-0.193708	-5.24881	0.6	1.5708	-0.215525	4.73046	0.6	1.5708	
-5.2399	4.81928	0.6	1.5708	4.76856	-5.24155	0.6	1.5708	-5.22931	-5.22581	0.6	1.5708	4.76404	4.78919	0.6	1.5708	4.7891	-0.277079	0.6	1.5708	-5.22656	-0.219718	0.6	1.5708	-0.201708	-5.28481	0.6	1.5708	-0.20042	4.77637	0.6	1.5708	
-5.2439	4.78728	0.6	1.5708	4.79085	-5.21324	0.6	1.5708	-5.21945	-5.22065	0.6	1.5708	4.77123	4.79535	0.6	1.5708	4.80328	-0.249663	0.6	1.5708	-5.26656	-0.259718	0.6	1.5708	-0.201367	-5.25985	0.6	1.5708	-0.23242	4.74437	0.6	1.5708	
-5.21912	4.81782	0.6	1.5708	4.78685	-5.22124	0.6	1.5708	-5.23945	-5.24465	0.6	1.5708	4.75923	4.78735	0.6	1.5708	4.82663	-0.23973	0.6	1.5708	-5.25325	-0.223774	0.6	1.5708	-0.185093	-5.23588	0.6	1.5708	-0.197936	4.7755	0.6	1.5708	
-5.22712	4.78182	0.6	1.5708	4.74685	-5.22524	0.6	1.5708	-5.21956	-5.23572	0.6	1.5708	4.77538	4.81388	0.6	1.5708	4.80263	-0.26773	0.6	1.5708	-5.2106	-0.195019	0.6	1.5708	-0.197093	-5.27588	0.6	1.5708	-0.205936	4.7395	0.6	1.5708	
-5.23112	4.77382	0.6	1.5708	4.76148	-5.19619	0.6	1.5708	-5.19965	-5.19657	0.6	1.5708	4.75538	4.77388	0.6	1.5708	4.8061	-0.234184	0.6	1.5708	-5.2146	-0.207019	0.6	1.5708	-0.197675	-5.2367	0.6	1.5708	-0.196749	4.7836	0.6	1.5708	
-5.18889	4.79906	0.6	1.5708	4.72148	-5.22819	0.6	1.5708	-5.21165	-5.22857	0.6	1.5708	4.79631	4.78311	0.6	1.5708	4.7941	-0.246184	0.6	1.5708	-5.2186	-0.219019	0.6	1.5708	-0.201675	-5.2447	0.6	1.5708	-0.204749	4.7796	0.6	1.5708	
-5.19689	4.75906	0.6	1.5708	4.75718	-5.21455	0.6	1.5708	-5.25165	-5.26057	0.6	1.5708	4.77231	4.75511	0.6	1.5708	4.82328	-0.224947	0.6	1.5708	-5.2586	-0.259019	0.6	1.5708	-0.19734	-5.21576	0.6	1.5708	-0.212749	4.7396	0.6	1.5708	
-5.23689	4.71906	0.6	1.5708	4.78175	-5.18364	0.6	1.5708	-5.22132	-5.23646	0.6	1.5708	4.78185	4.78008	0.6	1.5708	4.79128	-0.264947	0.6	1.5708	-5.24288	-0.235215	0.6	1.5708	-0.23734	-5.25576	0.6	1.5708	-0.194199	4.78368	0.6	1.5708	
-5.22152	4.74325	0.6	1.5708	4.74175	-5.21564	0.6	1.5708	-5.20105	-5.20917	0.6	1.5708	4.77385	4.75608	0.6	1.5708	4.79302	-0.219958	0.6	1.5708	-5.2183	-0.220172	0.6	1.5708	-0.209872	-5.22861	0.6	1.5708	-0.226199	4.77168	0.6	1.5708	
-5.19721	4.7826	0.6	1.5708	4.7734	-5.20451	0.6	1.5708	-5.23305	-5.21717	0.6	1.5708	4.80308	4.78887	0.6	1.5708	4.75302	-0.259958	0.6	1.5708	-5.2223	-0.256172	0.6	1.5708	-0.241872	-5.24461	0.6	1.5708	-0.184959	4.79334	0.6	1.5708	
-5.20521	4.7506	0.6	1.5708	4.7654	-5.23652	0.6	1.5708	-5.19844	-5.18173	0.6	1.5708	4.78708	4.77687	0.6	1.5708	4.79042	-0.247966	0.6	1.5708	-5.18184	-0.228938	0.6	1.5708	-0.213497	-5.21969	0.6	1.5708	-0.216959	4.76134	0.6	1.5708	
-5.19217	4.79648	0.6	1.5708	4.79632	-5.20921	0.6	1.5708	-5.21044	-5.20573	0.6	1.5708	4.75908	4.77287	0.6	1.5708	4.80834	-0.222373	0.6	1.5708	-5.22184	-0.244938	0.6	1.5708	-0.253497	-5.25169	0.6	1.5708	-0.205567	4.80107	0.6	1.5708	
-5.21617	4.76848	0.6	1.5708	4.76032	-5.24521	0.6	1.5708	-5.24644	-5.20973	0.6	1.5708	4.76726	4.77829	0.6	1.5708	4.76834	-0.254373	0.6	1.5708	-5.19747	-0.20795	0.6	1.5708	-0.218798	-5.20535	0.6	1.5708	-0.241567	4.79707	0.6	1.5708	
-5.18094	4.80278	0.6	1.5708	4.79226	-5.21617	0.6	1.5708	-5.23315	-5.20379	0.6	1.5708	4.78981	4.81463	0.6	1.5708	4.79467	-0.215498	0.6	1.5708	-5.21347	-0.22395	0.6	1.5708	-0.222798	-5.24135	0.6	1.5708	-0.265567	4.76907	0.6	1.5708	
-5.19694	4.79078	0.6	1.5708	4.77626	-5.22017	0.6	1.5708	-5.24515	-5.21979	0.6	1.5708	4.74981	4.81063	0.6	1.5708	4.75467	-0.227498	0.6	1.5708	-5.22947	-0.23995	0.6	1.5708	-0.186238	-5.20508	0.6	1.5708	-0.224454	4.79926	0.6	1.5708	
-5.21294	4.77078	0.6	1.5708	4.74826	-5.23217	0.6	1.5708	-5.21212	-5.17983	0.6	1.5708	4.73781	4.77863	0.6	1.5708	4.78773	-0.205999	0.6	1.5708	-5.22358	-0.20396	0.6	1.5708	-0.206238	-5.22908	0.6	1.5708	-0.264454	4.76326	0.6	1.5708	
-5.24494	4.76278	0.6	1.5708	4.7586	-5.22174	0.6	1.5708	-5.23212	-5.21183	0.6	1.5708	4.75025	4.81091	0.6	1.5708	4.75174	-0.221999	0.6	1.5708	-5.24758	-0.20796	0.6	1.5708	-0.226238	-5.25708	0.6	1.5708	-0.231563	4.77461	0.6	1.5708	
-5.23195	4.77023	0.6	1.5708	4.76688	-5.18939	0.6	1.5708	-5.27212	-5.21983	0.6	1.5708	4.71425	4.79491	0.6	1.5708	4.77739	-0.213599	0.6	1.5708	-5.22206	-0.170368	0.6	1.5708	-0.188991	-5.22166	0.6	1.5708	-0.21725	4.78769	0.6	1.5708	
-5.20556	4.78418	0.6	1.5708	4.73888	-5.22139	0.6	1.5708	-5.2297	-5.20386	0.6	1.5708	4.7674	4.79593	0.6	1.5708	4.74139	-0.233599	0.6	1.5708	-5.26206	-0.186368	0.6	1.5708	-0.192991	-5.23366	0.6	1.5708	-0.22125	4.75569	0.6	1.5708	
-5.21356	4.78018	0.6	1.5708	4.78711	-5.18511	0.6	1.5708	-5.2337	-5.23186	0.6	1.5708	4.7514	4.76793	0.6	1.5708	4.77711	-0.226879	0.6	1.5708	-5.23365	-0.173095	0.6	1.5708	-0.196991	-5.24966	0.6	1.5708	-0.193	4.78055	0.6	1.5708	
-5.24956	4.77618	0.6	1.5708	4.77911	-5.22511	0.6	1.5708	-5.21096	-5.18949	0.6	1.5708	4.76112	4.79434	0.6	1.5708	4.80169	-0.221503	0.6	1.5708	-5.26965	-0.189095	0.6	1.5708	-0.197593	-5.23173	0.6	1.5708	-0.201	4.77255	0.6	1.5708	
-5.22365	4.81694	0.6	1.5708	4.77111	-5.25311	0.6	1.5708	-5.23496	-5.21349	0.6	1.5708	4.75712	4.75834	0.6	1.5708	4.78969	-0.241503	0.6	1.5708	-5.22772	-0.167276	0.6	1.5708	-0.229593	-5.25573	0.6	1.5708	-0.233	4.75255	0.6	1.5708	
-5.24365	4.77694	0.6	1.5708	4.79689	-5.23449	0.6	1.5708	-5.19197	-5.18279	0.6	1.5708	4.79369	4.79067	0.6	1.5708	4.82375	-0.229203	0.6	1.5708	-5.25972	-0.207276	0.6	1.5708	-0.211674	-5.23658	0.6	1.5708	-0.1944	4.79004	0.6	1.5708	
-5.21892	4.80556	0.6	1.5708	4.76889	-5.24249	0.6	1.5708	-5.23197	-5.20679	0.6	1.5708	4.78969	4.77867	0.6	1.5708	4.81975	-0.241203	0.6	1.5708	-5.22778	-0.201821	0.6	1.5708	-0.197339	-5.20127	0.6	1.5708	-0.2024	4.75004	0.6	1.5708	
-5.22292	4.78556	0.6	1.5708	4.78311	-5.22999	0.6	1.5708	-5.25997	-5.23879	0.6	1.5708	4.77769	4.75067	0.6	1.5708	4.79175	-0.273203	0.6	1.5708	-5.25578	-0.209821	0.6	1.5708	-0.213339	-5.23727	0.6	1.5708	-0.17792	4.76003	0.6	1.5708	
-5.22692	4.74956	0.6	1.5708	4.77911	-5.26599	0.6	1.5708	-5.22797	-5.23103	0.6	1.5708	4.81816	4.77654	0.6	1.5708	4.8294	-0.234562	0.6	1.5708	-5.21262	-0.199856	0.6	1.5708	-0.194671	-5.20581	0.6	1.5708	-0.19792	4.73203	0.6	1.5708	
-5.20553	4.78764	0.6	1.5708	4.79929	-5.22479	0.6	1.5708	-5.21838	-5.20883	0.6	1.5708	4.77816	4.75254	0.6	1.5708	4.8214	-0.262562	0.6	1.5708	-5.24062	-0.223856	0.6	1.5708	-0.210671	-5.24181	0.6	1.5708	-0.178336	4.76563	0.6	1.5708	
-5.22953	4.77164	0.6	1.5708	4.78329	-5.22879	0.6	1.5708	-5.23438	-5.22083	0.6	1.5708	4.80252	4.78603	0.6	1.5708	4.83312	-0.23805	0.6	1.5708	-5.2325	-0.219085	0.6	1.5708	-0.200537	-5.21345	0.6	1.5708	-0.206336	4.75763	0.6	1.5708	
-5.20363	4.77732	0.6	1.5708	4.76329	-5.24479	0.6	1.5708	-5.2035	-5.18866	0.6	1.5708	4.77452	4.76203	0.6	1.5708	4.79312	-0.24605	0.6	1.5708	-5.226	-0.183268	0.6	1.5708	-0.236537	-5.23345	0.6	1.5708	-0.193069	4.7861	0.6	1.5708	
-5.23963	4.74132	0.6	1.5708	4.78663	-5.23583	0.6	1.5708	-5.2395	-5.22466	0.6	1.5708	4.81162	4.78962	0.6	1.5708	4.8225	-0.20484	0.6	1.5708	-5.246	-0.219268	0.6	1.5708	-0.20523	-5.22676	0.6	1.5708	-0.197069	4.7501	0.6	1.5708	
-5.2237	4.76905	0.6	1.5708	4.8253	-5.22867	0.6	1.5708	-5.2276	-5.20373	0.6	1.5708	4.78762	4.76162	0.6	1.5708	4.7905	-0.22484	0.6	1.5708	-5.2328	-0.203414	0.6	1.5708	-0.23723	-5.24276	0.6	1.5708	-0.197655	4.78408	0.6	1.5708	
-5.18296	4.79924	0.6	1.5708	4.8173	-5.26867	0.6	1.5708	-5.2356	-5.21973	0.6	1.5708	4.8181	4.7893	0.6	1.5708	4.7665	-0.24884	0.6	1.5708	-5.2488	-0.243414	0.6	1.5708	-0.209784	-5.21421	0.6	1.5708	-0.225655	4.78008	0.6	1.5708	
-5.21896	4.77924	0.6	1.5708	4.81384	-5.23893	0.6	1.5708	-5.19248	-5.19178	0.6	1.5708	4.8061	4.7653	0.6	1.5708	4.7852	-0.239072	0.6	1.5708	-5.20304	-0.210732	0.6	1.5708	-0.225784	-5.25421	0.6	1.5708	-0.249655	4.76008	0.6	1.5708	
-5.22696	4.74724	0.6	1.5708	4.80584	-5.25493	0.6	1.5708	-5.20048	-5.21178	0.6	1.5708	4.7781	4.7413	0.6	1.5708	4.78816	-0.227257	0.6	1.5708	-5.21504	-0.222732	0.6	1.5708	-0.188627	-5.24337	0.6	1.5708	-0.207724	4.80406	0.6	1.5708	
-5.19357	4.78979	0.6	1.5708	4.81667	-5.20795	0.6	1.5708	-5.21248	-5.24378	0.6	1.5708	4.80248	4.75304	0.6	1.5708	4.75616	-0.251257	0.6	1.5708	-5.22304	-0.262732	0.6	1.5708	-0.204627	-5.27537	0.6	1.5708	-0.223724	4.78406	0.6	1.5708	
-5.20957	4.77379	0.6	1.5708	4.78867	-5.23195	0.6	1.5708	-5.20599	-5.20703	0.6	1.5708	4.80598	4.77443	0.6	1.5708	4.76493	-0.209006	0.6	1.5708	-5.21043	-0.214185	0.6	1.5708	-0.203702	-5.25629	0.6	1.5708	-0.263724	4.77606	0.6	1.5708	
-5.24557	4.75779	0.6	1.5708	4.77667	-5.23995	0.6	1.5708	-5.21399	-5.23903	0.6	1.5708	4.76998	4.74643	0.6	1.5708	4.75693	-0.213006	0.6	1.5708	-5.23843	-0.234185	0.6	1.5708	-0.186961	-5.24103	0.6	1.5708	-0.242979	4.78885	0.6	1.5708	
-5.20845	4.79424	0.6	1.5708	4.81734	-5.22796	0.6	1.5708	-5.19519	-5.23122	0.6	1.5708	4.79199	4.78515	0.6	1.5708	4.79754	-0.182405	0.6	1.5708	-5.20674	-0.195348	0.6	1.5708	-0.226961	-5.24903	0.6	1.5708	-0.210383	4.79508	0.6	1.5708	
-5.23245	4.77424	0.6	1.5708	4.78534	-5.24796	0.6	1.5708	-5.19919	-5.25922	0.6	1.5708	4.78399	4.77715	0.6	1.5708	4.77354	-0.210405	0.6	1.5708	-5.22674	-0.235348	0.6	1.5708	-0.201569	-5.20323	0.6	1.5708	-0.238383	4.77108	0.6	1.5708	
-5.20196	4.78739	0.6	1.5708	4.80827	-5.22637	0.6	1.5708	-5.19135	-5.24738	0.6	1.5708	4.74399	4.73715	0.6	1.5708	4.76954	-0.218405	0.6	1.5708	-5.2214	-0.192279	0.6	1.5708	-0.217569	-5.21523	0.6	1.5708	-0.222707	4.78087	0.6	1.5708	
-5.22596	4.76339	0.6	1.5708	4.80027	-5.25037	0.6	1.5708	-5.19535	-5.25538	0.6	1.5708	4.77119	4.76572	0.6	1.5708	4.77963	-0.178724	0.6	1.5708	-5.2374	-0.200279	0.6	1.5708	-0.257569	-5.21923	0.6	1.5708	-0.250707	4.76487	0.6	1.5708	
-5.20877	4.80271	0.6	1.5708	4.83622	-5.22029	0.6	1.5708	-5.19628	-5.2403	0.6	1.5708	4.80495	4.77657	0.6	1.5708	4.77563	-0.186724	0.6	1.5708	-5.2694	-0.216279	0.6	1.5708	-0.218055	-5.19538	0.6	1.5708	-0.204565	4.78389	0.6	1.5708	
-5.21277	4.79871	0.6	1.5708	4.82422	-5.22429	0.6	1.5708	-5.20828	-5.2683	0.6	1.5708	4.78495	4.73657	0.6	1.5708	4.75163	-0.222724	0.6	1.5708	-5.21952	-0.197023	0.6	1.5708	-0.254055	-5.21938	0.6	1.5708	-0.232565	4.76789	0.6	1.5708	
-5.23677	4.76671	0.6	1.5708	4.79222	-5.23629	0.6	1.5708	-5.18262	-5.25064	0.6	1.5708	4.81996	4.76926	0.6	1.5708	4.76531	-0.214179	0.6	1.5708	-5.24752	-0.237023	0.6	1.5708	-0.219244	-5.19951	0.6	1.5708	-0.210052	4.80231	0.6	1.5708	
-5.20942	4.78537	0.6	1.5708	4.78422	-5.26829	0.6	1.5708	-5.19462	-5.27864	0.6	1.5708	4.79996	4.74126	0.6	1.5708	4.80024	-0.195343	0.6	1.5708	-5.20601	-0.229618	0.6	1.5708	-0.259244	-5.23551	0.6	1.5708	-0.226052	4.77831	0.6	1.5708	
-5.22942	4.77737	0.6	1.5708	4.79937	-5.25063	0.6	1.5708	-5.1877	-5.25491	0.6	1.5708	4.83597	4.77301	0.6	1.5708	4.78024	-0.219343	0.6	1.5708	-5.22201	-0.257618	0.6	1.5708	-0.243395	-5.2204	0.6	1.5708	-0.220842	4.80665	0.6	1.5708	
-5.20353	4.78589	0.6	1.5708	4.8355	-5.22451	0.6	1.5708	-5.17416	-5.21993	0.6	1.5708	4.82797	4.73701	0.6	1.5708	4.74024	-0.227343	0.6	1.5708	-5.21361	-0.238095	0.6	1.5708	-0.198716	-5.18432	0.6	1.5708	-0.228842	4.79065	0.6	1.5708	
-5.21153	4.75389	0.6	1.5708	4.7955	-5.25651	0.6	1.5708	-5.19816	-5.22393	0.6	1.5708	4.81997	4.70101	0.6	1.5708	4.7722	-0.197875	0.6	1.5708	-5.19489	-0.206476	0.6	1.5708	-0.206716	-5.20032	0.6	1.5708	-0.256842	4.77065	0.6	1.5708	
-5.18123	4.77912	0.6	1.5708	4.8044	-5.22921	0.6	1.5708	-5.23816	-5.25593	0.6	1.5708	4.84398	4.72881	0.6	1.5708	4.7322	-0.233875	0.6	1.5708	-5.21089	-0.242476	0.6	1.5708	-0.210716	-5.22432	0.6	1.5708	-0.209473	4.81252	0.6	1.5708	
-5.19723	4.77512	0.6	1.5708	4.7804	-5.26121	0.6	1.5708	-5.23053	-5.23674	0.6	1.5708	4.81598	4.71281	0.6	1.5708	4.77776	-0.1911	0.6	1.5708	-5.20071	-0.201981	0.6	1.5708	-0.226716	-5.23632	0.6	1.5708	-0.237473	4.79252	0.6	1.5708	
-5.22523	4.75512	0.6	1.5708	4.82032	-5.22896	0.6	1.5708	-5.18842	-5.2014	0.6	1.5708	4.84878	4.76624	0.6	1.5708	4.73776	-0.2111	0.6	1.5708	-5.23271	-0.237981	0.6	1.5708	-0.221373	-5.22106	0.6	1.5708	-0.277473	4.77652	0.6	1.5708	
-5.20818	4.78809	0.6	1.5708	4.81632	-5.25296	0.6	1.5708	-5.19642	-5.2254	0.6	1.5708	4.80878	4.75824	0.6	1.5708	4.7662	-0.19288	0.6	1.5708	-5.19417	-0.222384	0.6	1.5708	-0.245373	-5.25306	0.6	1.5708	-0.233979	4.80922	0.6	1.5708	
-5.21218	4.78409	0.6	1.5708	4.78832	-5.25697	0.6	1.5708	-5.20442	-5.2494	0.6	1.5708	4.76878	4.75025	0.6	1.5708	4.7262	-0.21288	0.6	1.5708	-5.19817	-0.262384	0.6	1.5708	-0.200298	-5.23845	0.6	1.5708	-0.241979	4.77722	0.6	1.5708	
-5.22018	4.77209	0.6	1.5708	4.81466	-5.21357	0.6	1.5708	-5.18754	-5.20752	0.6	1.5708	4.81102	4.7922	0.6	1.5708	4.75296	-0.182304	0.6	1.5708	-5.19853	-0.221908	0.6	1.5708	-0.236298	-5.24245	0.6	1.5708	-0.209583	4.79377	0.6	1.5708	
-5.21614	4.78167	0.6	1.5708	4.79066	-5.22157	0.6	1.5708	-5.20354	-5.22352	0.6	1.5708	4.79502	4.7762	0.6	1.5708	4.71696	-0.194304	0.6	1.5708	-5.20653	-0.253908	0.6	1.5708	-0.193039	-5.20996	0.6	1.5708	-0.229583	4.78977	0.6	1.5708	
-5.24014	4.75367	0.6	1.5708	4.77866	-5.22957	0.6	1.5708	-5.23554	-5.23152	0.6	1.5708	4.78702	4.7642	0.6	1.5708	4.75757	-0.195443	0.6	1.5708	-5.18923	-0.207126	0.6	1.5708	-0.229039	-5.24196	0.6	1.5708	-0.261583	4.75777	0.6	1.5708	
-5.21612	4.78694	0.6	1.5708	4.78292	-5.21566	0.6	1.5708	-5.21643	-5.18921	0.6	1.5708	4.82162	4.79536	0.6	1.5708	4.74957	-0.211443	0.6	1.5708	-5.19323	-0.219126	0.6	1.5708	-0.215231	-5.20957	0.6	1.5708	-0.217266	4.79822	0.6	1.5708	
-5.22012	4.77894	0.6	1.5708	4.77492	-5.25166	0.6	1.5708	-5.23243	-5.19721	0.6	1.5708	4.78162	4.77136	0.6	1.5708	4.79166	-0.193154	0.6	1.5708	-5.21723	-0.251126	0.6	1.5708	-0.219231	-5.22557	0.6	1.5708	-0.241266	4.77822	0.6	1.5708	
-5.24012	4.75494	0.6	1.5708	4.80794	-5.24133	0.6	1.5708	-5.25243	-5.20921	0.6	1.5708	4.76562	4.74736	0.6	1.5708	4.76366	-0.213154	0.6	1.5708	-5.20178	-0.212901	0.6	1.5708	-0.247231	-5.25757	0.6	1.5708	-0.201013	4.79458	0.6	1.5708	
-5.23209	4.79595	0.6	1.5708	4.79194	-5.25733	0.6	1.5708	-5.20594	-5.17937	0.6	1.5708	4.7765	4.79389	0.6	1.5708	4.78293	-0.182524	0.6	1.5708	-5.23778	-0.244901	0.6	1.5708	-0.225785	-5.22605	0.6	1.5708	-0.213013	4.75458	0.6	1.5708	
-5.26409	4.77995	0.6	1.5708	4.79355	-5.21786	0.6	1.5708	-5.23394	-5.19137	0.6	1.5708	4.7405	4.78589	0.6	1.5708	4.75893	-0.194524	0.6	1.5708	-5.20623	-0.203921	0.6	1.5708	-0.184628	-5.19684	0.6	1.5708	-0.198411	4.79966	0.6	1.5708	
-5.22727	4.81996	0.6	1.5708	4.78155	-5.23786	0.6	1.5708	-5.24994	-5.23137	0.6	1.5708	4.7724	4.79671	0.6	1.5708	4.74693	-0.210524	0.6	1.5708	-5.22223	-0.231921	0.6	1.5708	-0.216628	-5.22084	0.6	1.5708	-0.226411	4.78366	0.6	1.5708	
-5.26727	4.79596	0.6	1.5708	4.79724	-5.20629	0.6	1.5708	-5.22795	-5.1971	0.6	1.5708	4.7484	4.79271	0.6	1.5708	4.77354	-0.200419	0.6	1.5708	-5.18178	-0.213537	0.6	1.5708	-0.224628	-5.25284	0.6	1.5708	-0.25041	4.76366	0.6	1.5708	
-5.23782	4.80877	0.6	1.5708	4.76524	-5.23829	0.6	1.5708	-5.25196	-5.2091	0.6	1.5708	4.77472	4.79817	0.6	1.5708	4.75754	-0.236419	0.6	1.5708	-5.19778	-0.221537	0.6	1.5708	-0.191702	-5.24227	0.6	1.5708	-0.224328	4.80693	0.6	1.5708	
-5.25382	4.80477	0.6	1.5708	4.79219	-5.22663	0.6	1.5708	-5.21756	-5.20728	0.6	1.5708	4.74272	4.76617	0.6	1.5708	4.77403	-0.221135	0.6	1.5708	-5.20978	-0.249537	0.6	1.5708	-0.207702	-5.27827	0.6	1.5708	-0.264328	4.76693	0.6	1.5708	
-5.21506	4.81181	0.6	1.5708	4.76419	-5.26263	0.6	1.5708	-5.25756	-5.21928	0.6	1.5708	4.77017	4.80493	0.6	1.5708	4.73403	-0.257135	0.6	1.5708	-5.17582	-0.211629	0.6	1.5708	-0.194162	-5.24662	0.6	1.5708	-0.223463	4.77754	0.6	1.5708	
-5.24306	4.78781	0.6	1.5708	4.78735	-5.2421	0.6	1.5708	-5.23005	-5.19142	0.6	1.5708	4.74617	4.80093	0.6	1.5708	4.77923	-0.229708	0.6	1.5708	-5.20782	-0.231629	0.6	1.5708	-0.206162	-5.27862	0.6	1.5708	-0.235463	4.75354	0.6	1.5708	
-5.21844	4.79025	0.6	1.5708	4.80988	-5.20968	0.6	1.5708	-5.27005	-5.23142	0.6	1.5708	4.77294	4.80075	0.6	1.5708	4.79538	-0.215766	0.6	1.5708	-5.24782	-0.239629	0.6	1.5708	-0.180929	-5.2269	0.6	1.5708	-0.19237	4.77083	0.6	1.5708	
-5.24644	4.77025	0.6	1.5708	4.78588	-5.21768	0.6	1.5708	-5.25204	-5.22514	0.6	1.5708	4.76094	4.76875	0.6	1.5708	4.77138	-0.219766	0.6	1.5708	-5.20226	-0.223703	0.6	1.5708	-0.208929	-5.2429	0.6	1.5708	-0.20837	4.75883	0.6	1.5708	
-5.20916	4.7922	0.6	1.5708	4.76988	-5.22168	0.6	1.5708	-5.21763	-5.22011	0.6	1.5708	4.80475	4.811	0.6	1.5708	4.7971	-0.211813	0.6	1.5708	-5.21426	-0.251703	0.6	1.5708	-0.207144	-5.20232	0.6	1.5708	-0.186696	4.78307	0.6	1.5708	
-5.23716	4.7882	0.6	1.5708	4.79191	-5.19335	0.6	1.5708	-5.24963	-5.24811	0.6	1.5708	4.79675	4.795	0.6	1.5708	4.7651	-0.223813	0.6	1.5708	-5.21141	-0.213363	0.6	1.5708	-0.223144	-5.21432	0.6	1.5708	-0.210696	4.75507	0.6	1.5708	
-5.22572	4.79856	0.6	1.5708	4.76791	-5.20535	0.6	1.5708	-5.21971	-5.21849	0.6	1.5708	4.78875	4.755	0.6	1.5708	4.80008	-0.19105	0.6	1.5708	-5.23941	-0.225363	0.6	1.5708	-0.235144	-5.21832	0.6	1.5708	-0.196557	4.77205	0.6	1.5708	
-5.26572	4.78656	0.6	1.5708	4.75991	-5.23735	0.6	1.5708	-5.25971	-5.23049	0.6	1.5708	4.795	4.78	0.6	1.5708	4.78408	-0.22705	0.6	1.5708	-5.22753	-0.21229	0.6	1.5708	-0.196115	-5.18265	0.6	1.5708	-0.208557	4.73605	0.6	1.5708	
-5.25258	4.79325	0.6	1.5708	4.76793	-5.20188	0.6	1.5708	-5.21176	-5.22439	0.6	1.5708	4.783	4.764	0.6	1.5708	4.78008	-0.255051	0.6	1.5708	-5.25553	-0.22829	0.6	1.5708	-0.220115	-5.18665	0.6	1.5708	-0.174846	4.76484	0.6	1.5708	
-5.21806	4.8306	0.6	1.5708	4.76393	-5.21388	0.6	1.5708	-5.21976	-5.26439	0.6	1.5708	4.7904	4.7872	0.6	1.5708	4.79607	-0.22404	0.6	1.5708	-5.20842	-0.206632	0.6	1.5708	-0.248115	-5.19465	0.6	1.5708	-0.194846	4.74484	0.6	1.5708	
-5.25006	4.8226	0.6	1.5708	4.78314	-5.2071	0.6	1.5708	-5.18381	-5.24351	0.6	1.5708	4.7784	4.7472	0.6	1.5708	4.77607	-0.25604	0.6	1.5708	-5.22442	-0.242632	0.6	1.5708	-0.284115	-5.20665	0.6	1.5708	-0.163876	4.78787	0.6	1.5708	
-5.26606	4.8106	0.6	1.5708	4.77114	-5.2311	0.6	1.5708	-5.18781	-5.28351	0.6	1.5708	4.78272	4.76576	0.6	1.5708	4.80885	-0.240832	0.6	1.5708	-5.19554	-0.226106	0.6	1.5708	-0.267292	-5.18932	0.6	1.5708	-0.171876	4.75587	0.6	1.5708	
-5.24485	4.82048	0.6	1.5708	4.78891	-5.21688	0.6	1.5708	-5.16225	-5.25881	0.6	1.5708	4.80218	4.79261	0.6	1.5708	4.78485	-0.276832	0.6	1.5708	-5.21154	-0.234106	0.6	1.5708	-0.253834	-5.17546	0.6	1.5708	-0.179876	4.74787	0.6	1.5708	
-5.27285	4.80048	0.6	1.5708	4.75691	-5.24088	0.6	1.5708	-5.17425	-5.28281	0.6	1.5708	4.79018	4.77261	0.6	1.5708	4.81188	-0.241466	0.6	1.5708	-5.22354	-0.250106	0.6	1.5708	-0.257834	-5.18746	0.6	1.5708	-0.219876	4.71987	0.6	1.5708	
-5.25028	4.81238	0.6	1.5708	4.79753	-5.23271	0.6	1.5708	-5.1594	-5.25825	0.6	1.5708	4.77018	4.73661	0.6	1.5708	4.79188	-0.277466	0.6	1.5708	-5.21483	-0.220085	0.6	1.5708	-0.214267	-5.15397	0.6	1.5708	-0.203901	4.7479	0.6	1.5708	
-5.26628	4.80038	0.6	1.5708	4.78953	-5.24871	0.6	1.5708	-5.1914	-5.27825	0.6	1.5708	4.78014	4.74929	0.6	1.5708	4.79351	-0.261973	0.6	1.5708	-5.22283	-0.252085	0.6	1.5708	-0.222267	-5.16197	0.6	1.5708	-0.175121	4.75832	0.6	1.5708	
-5.24902	4.82031	0.6	1.5708	4.79162	-5.20696	0.6	1.5708	-5.19312	-5.2346	0.6	1.5708	4.78811	4.77943	0.6	1.5708	4.79881	-0.237578	0.6	1.5708	-5.20626	-0.205668	0.6	1.5708	-0.246267	-5.16997	0.6	1.5708	-0.207121	4.73032	0.6	1.5708	
-5.26502	4.78031	0.6	1.5708	4.78762	-5.24696	0.6	1.5708	-5.20512	-5.2746	0.6	1.5708	4.75611	4.73943	0.6	1.5708	4.75881	-0.277578	0.6	1.5708	-5.23026	-0.245668	0.6	1.5708	-0.254267	-5.20597	0.6	1.5708	-0.201697	4.78026	0.6	1.5708	
-5.21602	4.79625	0.6	1.5708	4.8261	-5.20157	0.6	1.5708	-5.2001	-5.25168	0.6	1.5708	4.78889	4.76754	0.6	1.5708	4.79504	-0.226063	0.6	1.5708	-5.21221	-0.228534	0.6	1.5708	-0.211413	-5.17677	0.6	1.5708	-0.221697	4.76426	0.6	1.5708	
-5.25602	4.77224	0.6	1.5708	4.8101	-5.20557	0.6	1.5708	-5.17608	-5.20934	0.6	1.5708	4.78489	4.75154	0.6	1.5708	4.78704	-0.246063	0.6	1.5708	-5.21621	-0.236534	0.6	1.5708	-0.223413	-5.21677	0.6	1.5708	-0.189357	4.8034	0.6	1.5708	
-5.22482	4.8098	0.6	1.5708	4.7981	-5.21357	0.6	1.5708	-5.21608	-5.22934	0.6	1.5708	4.79591	4.79324	0.6	1.5708	4.80964	-0.20885	0.6	1.5708	-5.20497	-0.209227	0.6	1.5708	-0.235413	-5.22077	0.6	1.5708	-0.225357	4.7914	0.6	1.5708	
-5.25282	4.8058	0.6	1.5708	4.7821	-5.21757	0.6	1.5708	-5.22008	-5.23734	0.6	1.5708	4.78391	4.78124	0.6	1.5708	4.78164	-0.22485	0.6	1.5708	-5.22497	-0.241227	0.6	1.5708	-0.196331	-5.20062	0.6	1.5708	-0.265357	4.7754	0.6	1.5708	
-5.22625	4.84064	0.6	1.5708	4.7661	-5.23357	0.6	1.5708	-5.19606	-5.19387	0.6	1.5708	4.76791	4.74924	0.6	1.5708	4.77364	-0.23285	0.6	1.5708	-5.19197	-0.212982	0.6	1.5708	-0.208331	-5.24062	0.6	1.5708	-0.244286	4.78832	0.6	1.5708	
-5.23025	4.80464	0.6	1.5708	4.78488	-5.19486	0.6	1.5708	-5.23206	-5.22187	0.6	1.5708	4.80233	4.78339	0.6	1.5708	4.78291	-0.21028	0.6	1.5708	-5.19597	-0.244982	0.6	1.5708	-0.206665	-5.2285	0.6	1.5708	-0.203429	4.81466	0.6	1.5708	
-5.25825	4.78064	0.6	1.5708	4.75288	-5.23486	0.6	1.5708	-5.20565	-5.1815	0.6	1.5708	4.77833	4.75939	0.6	1.5708	4.77891	-0.24628	0.6	1.5708	-5.19998	-0.248982	0.6	1.5708	-0.234665	-5.2525	0.6	1.5708	-0.239429	4.78266	0.6	1.5708	
-5.2266	4.81251	0.6	1.5708	4.7703	-5.20389	0.6	1.5708	-5.24565	-5.2175	0.6	1.5708	4.79866	4.77151	0.6	1.5708	4.80313	-0.225024	0.6	1.5708	-5.17998	-0.211185	0.6	1.5708	-0.199732	-5.23	0.6	1.5708	-0.219543	4.79413	0.6	1.5708	
-5.2666	4.80051	0.6	1.5708	4.7463	-5.21589	0.6	1.5708	-5.21252	-5.182	0.6	1.5708	4.76266	4.76351	0.6	1.5708	4.79913	-0.253024	0.6	1.5708	-5.19198	-0.243185	0.6	1.5708	-0.211732	-5.27	0.6	1.5708	-0.235543	4.77013	0.6	1.5708	
-5.22528	4.80041	0.6	1.5708	4.76504	-5.17671	0.6	1.5708	-5.24852	-5.198	0.6	1.5708	4.78213	4.80281	0.6	1.5708	4.8073	-0.210419	0.6	1.5708	-5.21198	-0.247185	0.6	1.5708	-0.201385	-5.256	0.6	1.5708	-0.216434	4.7921	0.6	1.5708	
-5.23728	4.78841	0.6	1.5708	4.72904	-5.19271	0.6	1.5708	-5.21882	-5.1784	0.6	1.5708	4.75813	4.78681	0.6	1.5708	4.7993	-0.246419	0.6	1.5708	-5.20958	-0.217748	0.6	1.5708	-0.197108	-5.2128	0.6	1.5708	-0.220434	4.7561	0.6	1.5708	
-5.19782	4.79473	0.6	1.5708	4.74323	-5.15817	0.6	1.5708	-5.23082	-5.2064	0.6	1.5708	4.80251	4.79345	0.6	1.5708	4.80744	-0.213135	0.6	1.5708	-5.24158	-0.233748	0.6	1.5708	-0.213108	-5.2328	0.6	1.5708	-0.216348	4.78488	0.6	1.5708	
-5.22183	4.76673	0.6	1.5708	4.70723	-5.16217	0.6	1.5708	-5.23882	-5.2184	0.6	1.5708	4.7905	4.77745	0.6	1.5708	4.79944	-0.225135	0.6	1.5708	-5.22127	-0.218999	0.6	1.5708	-0.233108	-5.2568	0.6	1.5708	-0.244347	4.76488	0.6	1.5708	
-5.18946	4.79338	0.6	1.5708	4.74979	-5.14973	0.6	1.5708	-5.19505	-5.19472	0.6	1.5708	4.78251	4.74945	0.6	1.5708	4.77144	-0.261135	0.6	1.5708	-5.22527	-0.222999	0.6	1.5708	-0.202487	-5.24144	0.6	1.5708	-0.207478	4.77591	0.6	1.5708	
-5.21346	4.75338	0.6	1.5708	4.71779	-5.16973	0.6	1.5708	-5.20305	-5.23472	0.6	1.5708	4.79	4.78356	0.6	1.5708	4.81315	-0.220908	0.6	1.5708	-5.22021	-0.198399	0.6	1.5708	-0.238487	-5.26944	0.6	1.5708	-0.239478	4.7719	0.6	1.5708	
-5.17477	4.7987	0.6	1.5708	4.75823	-5.17579	0.6	1.5708	-5.21905	-5.25872	0.6	1.5708	4.762	4.74356	0.6	1.5708	4.79315	-0.244908	0.6	1.5708	-5.25621	-0.222399	0.6	1.5708	-0.210789	-5.22355	0.6	1.5708	-0.211582	4.78152	0.6	1.5708	
-5.17877	4.7947	0.6	1.5708	4.74223	-5.18779	0.6	1.5708	-5.17924	-5.24698	0.6	1.5708	4.7896	4.79085	0.6	1.5708	4.82252	-0.211927	0.6	1.5708	-5.22097	-0.185919	0.6	1.5708	-0.246789	-5.23155	0.6	1.5708	-0.215582	4.74952	0.6	1.5708	
-5.18277	4.7747	0.6	1.5708	4.76978	-5.16623	0.6	1.5708	-5.21124	-5.25898	0.6	1.5708	4.7736	4.77885	0.6	1.5708	4.78652	-0.223927	0.6	1.5708	-5.25697	-0.193919	0.6	1.5708	-0.213431	-5.19324	0.6	1.5708	-0.212466	4.78762	0.6	1.5708	
-5.19077	4.7587	0.6	1.5708	4.75378	-5.17023	0.6	1.5708	-5.18499	-5.24318	0.6	1.5708	4.81088	4.80308	0.6	1.5708	4.78252	-0.239927	0.6	1.5708	-5.22158	-0.191135	0.6	1.5708	-0.225431	-5.21324	0.6	1.5708	-0.232466	4.77162	0.6	1.5708	
-5.21877	4.7187	0.6	1.5708	4.72178	-5.19023	0.6	1.5708	-5.18899	-5.25118	0.6	1.5708	4.77888	4.77508	0.6	1.5708	4.81802	-0.207941	0.6	1.5708	-5.25758	-0.207135	0.6	1.5708	-0.241431	-5.24924	0.6	1.5708	-0.213973	4.7933	0.6	1.5708	
-5.21501	4.77096	0.6	1.5708	4.76143	-5.16018	0.6	1.5708	-5.22099	-5.26718	0.6	1.5708	4.75488	4.74308	0.6	1.5708	4.79002	-0.247941	0.6	1.5708	-5.22606	-0.205708	0.6	1.5708	-0.205145	-5.23139	0.6	1.5708	-0.221973	4.7533	0.6	1.5708	
-5.24701	4.74296	0.6	1.5708	4.74143	-5.18418	0.6	1.5708	-5.20479	-5.25374	0.6	1.5708	4.79191	4.75846	0.6	1.5708	4.82401	-0.206353	0.6	1.5708	-5.23806	-0.229708	0.6	1.5708	-0.237145	-5.26339	0.6	1.5708	-0.213578	4.77064	0.6	1.5708	
-5.23361	4.78237	0.6	1.5708	4.76114	-5.16335	0.6	1.5708	-5.19184	-5.219	0.6	1.5708	4.79353	4.79877	0.6	1.5708	4.81601	-0.218353	0.6	1.5708	-5.23045	-0.191767	0.6	1.5708	-0.193716	-5.21471	0.6	1.5708	-0.221578	4.74664	0.6	1.5708	
-5.21889	4.8099	0.6	1.5708	4.75314	-5.17535	0.6	1.5708	-5.19984	-5.239	0.6	1.5708	4.78953	4.79077	0.6	1.5708	4.78801	-0.234353	0.6	1.5708	-5.25445	-0.203767	0.6	1.5708	-0.229716	-5.23471	0.6	1.5708	-0.181263	4.77331	0.6	1.5708	
-5.24289	4.7779	0.6	1.5708	4.71314	-5.21535	0.6	1.5708	-5.23984	-5.279	0.6	1.5708	4.78153	4.75477	0.6	1.5708	4.77601	-0.270353	0.6	1.5708	-5.20756	-0.167013	0.6	1.5708	-0.223773	-5.19177	0.6	1.5708	-0.209263	4.74931	0.6	1.5708	
-5.20631	4.79432	0.6	1.5708	4.73451	-5.18428	0.6	1.5708	-5.19987	-5.2552	0.6	1.5708	4.80522	4.77582	0.6	1.5708	4.78481	-0.248282	0.6	1.5708	-5.24356	-0.199013	0.6	1.5708	-0.227773	-5.22377	0.6	1.5708	-0.18341	4.77545	0.6	1.5708	
-5.22231	4.79032	0.6	1.5708	4.77161	-5.15142	0.6	1.5708	-5.1639	-5.22816	0.6	1.5708	4.76522	4.77182	0.6	1.5708	4.80785	-0.234626	0.6	1.5708	-5.28356	-0.211013	0.6	1.5708	-0.214218	-5.20702	0.6	1.5708	-0.21141	4.74345	0.6	1.5708	
-5.23031	4.77832	0.6	1.5708	4.73561	-5.16742	0.6	1.5708	-5.19989	-5.23216	0.6	1.5708	4.77618	4.78545	0.6	1.5708	4.77185	-0.258626	0.6	1.5708	-5.24285	-0.208811	0.6	1.5708	-0.226218	-5.23502	0.6	1.5708	-0.185128	4.77476	0.6	1.5708	
-5.21625	4.79065	0.6	1.5708	4.71161	-5.19542	0.6	1.5708	-5.2039	-5.24816	0.6	1.5708	4.75218	4.76945	0.6	1.5708	4.80548	-0.230901	0.6	1.5708	-5.21028	-0.199049	0.6	1.5708	-0.184975	-5.19201	0.6	1.5708	-0.201128	4.76276	0.6	1.5708	
-5.22425	4.77865	0.6	1.5708	4.74929	-5.18834	0.6	1.5708	-5.17912	-5.21053	0.6	1.5708	4.77774	4.80356	0.6	1.5708	4.76948	-0.266901	0.6	1.5708	-5.21828	-0.239049	0.6	1.5708	-0.200975	-5.20801	0.6	1.5708	-0.217128	4.72276	0.6	1.5708	
-5.22825	4.73865	0.6	1.5708	4.72929	-5.19634	0.6	1.5708	-5.19112	-5.25053	0.6	1.5708	4.75374	4.78756	0.6	1.5708	4.79958	-0.253521	0.6	1.5708	-5.21462	-0.207239	0.6	1.5708	-0.232975	-5.22401	0.6	1.5708	-0.193702	4.74621	0.6	1.5708	
-5.2066	4.75492	0.6	1.5708	4.75943	-5.18907	0.6	1.5708	-5.23112	-5.28653	0.6	1.5708	4.76299	4.80205	0.6	1.5708	4.81567	-0.242816	0.6	1.5708	-5.23862	-0.247239	0.6	1.5708	-0.20238	-5.21121	0.6	1.5708	-0.186962	4.78497	0.6	1.5708	
-5.19728	4.79194	0.6	1.5708	4.73943	-5.22507	0.6	1.5708	-5.18889	-5.26922	0.6	1.5708	4.72299	4.78605	0.6	1.5708	4.78367	-0.282816	0.6	1.5708	-5.2229	-0.221791	0.6	1.5708	-0.20638	-5.21521	0.6	1.5708	-0.190962	4.76497	0.6	1.5708	
-5.23728	4.76394	0.6	1.5708	4.77955	-5.22006	0.6	1.5708	-5.17511	-5.21938	0.6	1.5708	4.75439	4.82084	0.6	1.5708	4.82293	-0.266253	0.6	1.5708	-5.2629	-0.229791	0.6	1.5708	-0.23838	-5.24721	0.6	1.5708	-0.210962	4.74897	0.6	1.5708	
-5.22182	4.77515	0.6	1.5708	4.77155	-5.25606	0.6	1.5708	-5.20311	-5.25938	0.6	1.5708	4.74239	4.80884	0.6	1.5708	4.82635	-0.249003	0.6	1.5708	-5.23432	-0.219833	0.6	1.5708	-0.226704	-5.22577	0.6	1.5708	-0.18477	4.77117	0.6	1.5708	
-5.22982	4.75915	0.6	1.5708	4.80124	-5.23284	0.6	1.5708	-5.18249	-5.2395	0.6	1.5708	4.76592	4.83507	0.6	1.5708	4.79435	-0.265003	0.6	1.5708	-5.20745	-0.191866	0.6	1.5708	-0.189363	-5.22061	0.6	1.5708	-0.21677	4.73917	0.6	1.5708	
-5.21186	4.77532	0.6	1.5708	4.77724	-5.24084	0.6	1.5708	-5.21449	-5.2675	0.6	1.5708	4.75792	4.81507	0.6	1.5708	4.82348	-0.244002	0.6	1.5708	-5.21545	-0.199866	0.6	1.5708	-0.201363	-5.23261	0.6	1.5708	-0.201416	4.77134	0.6	1.5708	
-5.23986	4.77132	0.6	1.5708	4.78179	-5.20068	0.6	1.5708	-5.20759	-5.23	0.6	1.5708	4.73792	4.79507	0.6	1.5708	4.79148	-0.276002	0.6	1.5708	-5.25145	-0.231866	0.6	1.5708	-0.221363	-5.24861	0.6	1.5708	-0.221416	4.76334	0.6	1.5708	
-5.19989	4.81306	0.6	1.5708	4.77779	-5.22868	0.6	1.5708	-5.23159	-5.242	0.6	1.5708	4.75033	4.80006	0.6	1.5708	4.79718	-0.260802	0.6	1.5708	-5.23716	-0.193493	0.6	1.5708	-0.18909	-5.21889	0.6	1.5708	-0.205133	4.77067	0.6	1.5708	
-5.21589	4.79706	0.6	1.5708	4.78623	-5.19094	0.6	1.5708	-5.21727	-5.2016	0.6	1.5708	4.78027	4.81605	0.6	1.5708	4.80975	-0.212641	0.6	1.5708	-5.25316	-0.201493	0.6	1.5708	-0.20909	-5.25489	0.6	1.5708	-0.213133	4.75067	0.6	1.5708	
-5.24789	4.79306	0.6	1.5708	4.74623	-5.20294	0.6	1.5708	-5.23327	-5.2416	0.6	1.5708	4.74027	4.80405	0.6	1.5708	4.78175	-0.244641	0.6	1.5708	-5.21453	-0.201194	0.6	1.5708	-0.179272	-5.23991	0.6	1.5708	-0.198506	4.77254	0.6	1.5708	
-5.21031	4.81845	0.6	1.5708	4.76898	-5.16635	0.6	1.5708	-5.20262	-5.19728	0.6	1.5708	4.77221	4.83924	0.6	1.5708	4.8174	-0.231713	0.6	1.5708	-5.22653	-0.221194	0.6	1.5708	-0.207272	-5.24791	0.6	1.5708	-0.238506	4.76054	0.6	1.5708	
-5.22231	4.79045	0.6	1.5708	4.74498	-5.18235	0.6	1.5708	-5.22262	-5.21728	0.6	1.5708	4.75221	4.83124	0.6	1.5708	4.8134	-0.259713	0.6	1.5708	-5.18522	-0.192956	0.6	1.5708	-0.181818	-5.22233	0.6	1.5708	-0.226805	4.78843	0.6	1.5708	
-5.26231	4.77845	0.6	1.5708	4.72898	-5.19835	0.6	1.5708	-5.23062	-5.25328	0.6	1.5708	4.73621	4.82324	0.6	1.5708	4.81872	-0.22777	0.6	1.5708	-5.21322	-0.204956	0.6	1.5708	-0.209818	-5.24233	0.6	1.5708	-0.246805	4.75243	0.6	1.5708	
-5.21785	4.78676	0.6	1.5708	4.77119	-5.17468	0.6	1.5708	-5.1925	-5.23462	0.6	1.5708	4.76497	4.84659	0.6	1.5708	4.80672	-0.25577	0.6	1.5708	-5.24122	-0.232956	0.6	1.5708	-0.179854	-5.20586	0.6	1.5708	-0.205444	4.79794	0.6	1.5708	
-5.23385	4.76276	0.6	1.5708	4.75519	-5.19868	0.6	1.5708	-5.2125	-5.25862	0.6	1.5708	4.73297	4.80659	0.6	1.5708	4.84137	-0.216616	0.6	1.5708	-5.20498	-0.206364	0.6	1.5708	-0.203854	-5.22986	0.6	1.5708	-0.221444	4.77794	0.6	1.5708	
-5.20308	4.7902	0.6	1.5708	4.71919	-5.22268	0.6	1.5708	-5.174	-5.2269	0.6	1.5708	4.75438	4.83327	0.6	1.5708	4.80537	-0.228616	0.6	1.5708	-5.24498	-0.246364	0.6	1.5708	-0.219854	-5.26586	0.6	1.5708	-0.261444	4.74594	0.6	1.5708	
-5.22308	4.7822	0.6	1.5708	4.75935	-5.20615	0.6	1.5708	-5.206	-5.2669	0.6	1.5708	4.72638	4.79727	0.6	1.5708	4.80137	-0.260616	0.6	1.5708	-5.21198	-0.213092	0.6	1.5708	-0.187883	-5.23669	0.6	1.5708	-0.245155	4.76875	0.6	1.5708	
-5.25908	4.7582	0.6	1.5708	4.80348	-5.20092	0.6	1.5708	-5.2008	-5.24952	0.6	1.5708	4.7411	4.80582	0.6	1.5708	4.8051	-0.240493	0.6	1.5708	-5.23198	-0.225092	0.6	1.5708	-0.215883	-5.25669	0.6	1.5708	-0.236124	4.779	0.6	1.5708	
-5.22726	4.79856	0.6	1.5708	4.78748	-5.21292	0.6	1.5708	-5.19664	-5.20362	0.6	1.5708	4.75288	4.81265	0.6	1.5708	4.7771	-0.244493	0.6	1.5708	-5.19359	-0.220073	0.6	1.5708	-0.200707	-5.24135	0.6	1.5708	-0.208899	4.8112	0.6	1.5708	
-5.23926	4.78656	0.6	1.5708	4.74748	-5.21692	0.6	1.5708	-5.20464	-5.24362	0.6	1.5708	4.72488	4.77665	0.6	1.5708	4.79768	-0.203594	0.6	1.5708	-5.19759	-0.260073	0.6	1.5708	-0.220707	-5.27735	0.6	1.5708	-0.236899	4.7712	0.6	1.5708	
-5.22741	4.82525	0.6	1.5708	4.79398	-5.20553	0.6	1.5708	-5.20371	-5.23489	0.6	1.5708	4.7679	4.79332	0.6	1.5708	4.79368	-0.215594	0.6	1.5708	-5.17407	-0.232059	0.6	1.5708	-0.180565	-5.24988	0.6	1.5708	-0.217519	4.80896	0.6	1.5708	
