50	-50	0.6	1.5708	-50	50	0.6	1.5708	50	50	0.6	1.5708	-50	-50	0.6	1.5708	
48.8173	-48.8613	0.6	1.5708	-48.8573	48.8253	0.6	1.5708	48.8173	48.8253	0.6	1.5708	-48.8613	-48.8773	0.6	1.5708	
47.6589	-47.7424	0.6	1.5708	-47.7343	47.6587	0.6	1.5708	47.6227	47.6666	0.6	1.5708	-47.7347	-47.7385	0.6	1.5708	
46.4649	-46.6034	0.6	1.5708	-46.6111	46.4883	0.6	1.5708	46.4323	46.5037	0.6	1.5708	-46.5921	-46.5878	0.6	1.5708	
45.2793	-45.4881	0.6	1.5708	-45.4874	45.3061	0.6	1.5708	45.2662	45.3287	0.6	1.5708	-45.4413	-45.4651	0.6	1.5708	
44.0943	-44.3406	0.6	1.5708	-44.3352	44.1401	0.6	1.5708	44.084	44.1578	0.6	1.5708	-44.3228	-44.3423	0.6	1.5708	
42.9376	-43.2129	0.6	1.5708	-43.2149	42.9822	0.6	1.5708	42.9059	42.9908	0.6	1.5708	-43.1763	-43.2116	0.6	1.5708	
41.7652	-42.0971	0.6	1.5708	-42.0863	41.8125	0.6	1.5708	41.7159	41.7957	0.6	1.5708	-42.0379	-42.0847	0.6	1.5708	
40.5812	-40.981	0.6	1.5708	-40.9453	40.6229	0.6	1.5708	40.5419	40.6207	0.6	1.5708	-40.9076	-40.9418	0.6	1.5708	
39.4139	-39.8446	0.6	1.5708	-39.8039	39.4656	0.6	1.5708	39.3598	39.4536	0.6	1.5708	-39.7771	-39.807	0.6	1.5708	
38.2309	-38.708	0.6	1.5708	-38.6703	38.3004	0.6	1.5708	38.1819	38.2745	0.6	1.5708	-38.6507	-38.6921	0.6	1.5708	
37.0684	-37.5593	0.6	1.5708	-37.5283	37.1393	0.6	1.5708	37.02	37.0954	0.6	1.5708	-37.5244	-37.5733	0.6	1.5708	
35.894	-36.4064	0.6	1.5708	-36.4022	35.9463	0.6	1.5708	35.85	35.9324	0.6	1.5708	-36.3741	-36.4503	0.6	1.5708	
34.7279	-35.2654	0.6	1.5708	-35.2674	34.7896	0.6	1.5708	34.676	34.7373	0.6	1.5708	-35.2441	-35.3033	0.6	1.5708	
33.5661	-34.1443	0.6	1.5708	-34.1204	33.6051	0.6	1.5708	33.5099	33.5503	0.6	1.5708	-34.1219	-34.1643	0.6	1.5708	
32.3807	-33.0269	0.6	1.5708	-32.977	32.4168	0.6	1.5708	32.3356	32.3915	0.6	1.5708	-32.9916	-33.0134	0.6	1.5708	
31.192	-31.8733	0.6	1.5708	-31.8531	31.2527	0.6	1.5708	31.1694	31.2005	0.6	1.5708	-31.8731	-31.8786	0.6	1.5708	
30.0397	-30.7273	0.6	1.5708	-30.7047	30.0848	0.6	1.5708	30.003	30.0177	0.6	1.5708	-30.7344	-30.7439	0.6	1.5708	
28.8756	-29.5974	0.6	1.5708	-29.5481	28.9091	0.6	1.5708	28.8404	28.8269	0.6	1.5708	-29.6118	-29.5932	0.6	1.5708	
27.6999	-28.4432	0.6	1.5708	-28.4272	27.7495	0.6	1.5708	27.6776	27.6522	0.6	1.5708	-28.4969	-28.4426	0.6	1.5708	
26.5365	-27.3128	0.6	1.5708	-27.2738	26.5782	0.6	1.5708	26.5066	26.4617	0.6	1.5708	-27.3777	-27.3081	0.6	1.5708	
25.3856	-26.1623	0.6	1.5708	-26.1361	25.419	0.6	1.5708	25.3155	25.2672	0.6	1.5708	-26.2503	-26.1938	0.6	1.5708	
24.2148	-25.0276	0.6	1.5708	-24.9981	24.2439	0.6	1.5708	24.1483	24.0967	0.6	1.5708	-25.123	-25.0754	0.6	1.5708	
23.0565	-23.8888	0.6	1.5708	-23.8396	23.0772	0.6	1.5708	22.9611	22.9063	0.6	1.5708	-23.9799	-23.9289	0.6	1.5708	
21.8905	-22.7417	0.6	1.5708	-22.701	21.8905	0.6	1.5708	21.7978	21.7319	0.6	1.5708	-22.8286	-22.7865	0.6	1.5708	
20.7249	-21.6105	0.6	1.5708	-21.5456	20.7321	0.6	1.5708	20.6144	20.5415	0.6	1.5708	-21.6815	-21.636	0.6	1.5708	
19.5637	-20.4751	0.6	1.5708	-20.4101	19.5538	0.6	1.5708	19.4309	19.3792	0.6	1.5708	-20.5423	-20.5215	0.6	1.5708	
18.3951	-19.3234	0.6	1.5708	-19.254	18.3959	0.6	1.5708	18.2716	18.2128	0.6	1.5708	-19.3994	-19.3829	0.6	1.5708	
17.2267	-18.1915	0.6	1.5708	-18.1297	17.218	0.6	1.5708	17.0762	17.0545	0.6	1.5708	-18.2765	-18.2483	0.6	1.5708	
16.059	-17.0714	0.6	1.5708	-16.9846	16.0645	0.6	1.5708	15.8973	15.8839	0.6	1.5708	-17.1255	-17.1258	0.6	1.5708	
14.884	-15.9349	0.6	1.5708	-15.8313	14.9032	0.6	1.5708	14.7224	14.7053	0.6	1.5708	-15.9788	-16.0071	0.6	1.5708	
13.7097	-14.782	0.6	1.5708	-14.6697	13.726	0.6	1.5708	13.5515	13.5427	0.6	1.5708	-14.8644	-14.8842	0.6	1.5708	
12.5318	-13.661	0.6	1.5708	-13.5236	12.541	0.6	1.5708	12.3607	12.348	0.6	1.5708	-13.7179	-13.7494	0.6	1.5708	
11.3509	-12.5154	0.6	1.5708	-12.3809	11.3763	0.6	1.5708	11.1739	11.1734	0.6	1.5708	-12.5716	-12.6105	0.6	1.5708	
10.1787	-11.3616	0.6	1.5708	-11.2377	10.2159	0.6	1.5708	9.98716	9.9947	0.6	1.5708	-11.4574	-11.4716	0.6	1.5708	
9.00695	-10.2035	0.6	1.5708	-10.0741	9.02776	0.6	1.5708	8.82456	8.80395	0.6	1.5708	-10.3309	-10.3528	0.6	1.5708	
7.83171	-9.08111	0.6	1.5708	-8.93386	7.85588	0.6	1.5708	7.62959	7.62138	0.6	1.5708	-9.18044	-9.23395	0.6	1.5708	
6.68946	-7.93427	0.6	1.5708	-7.76895	6.68035	0.6	1.5708	6.44678	6.45874	0.6	1.5708	-8.06644	-8.0989	0.6	1.5708	
5.53548	-6.7873	0.6	1.5708	-6.62361	5.49304	0.6	1.5708	5.25224	5.27996	0.6	1.5708	-6.92817	-6.97598	0.6	1.5708	
4.38193	-5.63611	0.6	1.5708	-5.47338	4.33018	0.6	1.5708	4.09393	4.11706	0.6	1.5708	-5.78611	-5.85296	0.6	1.5708	
3.85826	-4.80091	0.6	1.5708	-4.64081	3.80953	0.6	1.5708	2.67649	2.65019	0.6	1.5708	-4.66433	-4.7098	0.6	1.5708	
3.55201	-4.44015	0.6	1.5708	-4.32207	3.45681	0.6	1.5708	1.24759	1.19498	0.6	1.5708	-3.25478	-3.29893	0.6	1.5708	
3.16347	-4.68953	0.6	1.5708	-4.62395	3.0529	0.6	1.5708	1.19382	1.1693	0.6	1.5708	-4.03148	-4.02899	0.6	1.5708	
2.41365	-4.90936	0.6	1.5708	-4.88517	2.33249	0.6	1.5708	0.985732	1.01211	0.6	1.5708	-4.54916	-4.52729	0.6	1.5708	
1.6565	-5.1505	0.6	1.5708	-5.19805	1.60757	0.6	1.5708	0.758207	0.809587	0.6	1.5708	-5.10725	-5.08178	0.6	1.5708	
0.882187	-5.40655	0.6	1.5708	-5.52033	0.879705	0.6	1.5708	0.467681	0.568873	0.6	1.5708	-5.67622	-5.66914	0.6	1.5708	
0.135523	-5.70743	0.6	1.5708	-5.85697	0.164441	0.6	1.5708	0.161845	0.296714	0.6	1.5708	-6.26626	-6.26751	0.6	1.5708	
-0.55128	-6.00857	0.6	1.5708	-6.18996	-0.470569	0.6	1.5708	-0.184227	-0.00150914	0.6	1.5708	-6.89018	-6.87156	0.6	1.5708	
-1.19037	-6.3167	0.6	1.5708	-6.55501	-1.05493	0.6	1.5708	-0.552348	-0.346497	0.6	1.5708	-7.51213	-7.44169	0.6	1.5708	
-1.81178	-6.6434	0.6	1.5708	-6.93404	-1.59513	0.6	1.5708	-0.98476	-0.71258	0.6	1.5708	-8.09727	-7.96012	0.6	1.5708	
-2.4157	-7.02022	0.6	1.5708	-7.36192	-2.10902	0.6	1.5708	-1.43583	-1.10463	0.6	1.5708	-8.67986	-8.43193	0.6	1.5708	
-3.00774	-7.40073	0.6	1.5708	-7.82332	-2.61354	0.6	1.5708	-1.89651	-1.50849	0.6	1.5708	-9.2437	-8.87498	0.6	1.5708	
-3.61534	-7.79239	0.6	1.5708	-8.30424	-3.12204	0.6	1.5708	-2.40124	-1.91644	0.6	1.5708	-9.8159	-9.32497	0.6	1.5708	
-4.20425	-8.2038	0.6	1.5708	-8.79849	-3.60559	0.6	1.5708	-2.94855	-2.34259	0.6	1.5708	-10.3701	-9.77143	0.6	1.5708	
-4.7916	-8.66225	0.6	1.5708	-9.34599	-4.12928	0.6	1.5708	-3.49574	-2.78118	0.6	1.5708	-10.9337	-10.2278	0.6	1.5708	
-5.38791	-9.12547	0.6	1.5708	-9.91481	-4.66583	0.6	1.5708	-4.07041	-3.24288	0.6	1.5708	-11.4846	-10.6955	0.6	1.5708	
-5.99568	-9.62359	0.6	1.5708	-10.5021	-5.22688	0.6	1.5708	-4.6928	-3.73292	0.6	1.5708	-12.0306	-11.1915	0.6	1.5708	
-6.63789	-10.125	0.6	1.5708	-11.1213	-5.79486	0.6	1.5708	-5.32795	-4.24313	0.6	1.5708	-12.5817	-11.7365	0.6	1.5708	
-7.25924	-10.6651	0.6	1.5708	-11.752	-6.38304	0.6	1.5708	-6.00189	-4.78869	0.6	1.5708	-13.1666	-12.2922	0.6	1.5708	
-7.87955	-11.2488	0.6	1.5708	-12.4416	-6.97363	0.6	1.5708	-6.64742	-5.36496	0.6	1.5708	-13.7701	-12.8736	0.6	1.5708	
-8.52748	-11.8335	0.6	1.5708	-13.111	-7.58413	0.6	1.5708	-7.33911	-5.94275	0.6	1.5708	-14.3965	-13.4837	0.6	1.5708	
-9.19075	-12.4572	0.6	1.5708	-13.7952	-8.22876	0.6	1.5708	-8.02811	-6.52603	0.6	1.5708	-15.0314	-14.103	0.6	1.5708	
-9.8846	-13.0789	0.6	1.5708	-14.5042	-8.88091	0.6	1.5708	-8.7223	-7.17141	0.6	1.5708	-15.7014	-14.7788	0.6	1.5708	
-10.6141	-13.7144	0.6	1.5708	-15.2139	-9.57765	0.6	1.5708	-9.46778	-7.83594	0.6	1.5708	-16.4118	-15.4565	0.6	1.5708	
-11.3667	-14.4084	0.6	1.5708	-15.9765	-10.2653	0.6	1.5708	-10.248	-8.49991	0.6	1.5708	-17.1315	-16.1572	0.6	1.5708	
-12.1225	-15.1139	0.6	1.5708	-16.7865	-10.9709	0.6	1.5708	-11.0391	-9.19196	0.6	1.5708	-17.8899	-16.8605	0.6	1.5708	
-12.9039	-15.8208	0.6	1.5708	-17.6178	-11.6845	0.6	1.5708	-11.8822	-9.904	0.6	1.5708	-18.6572	-17.5989	0.6	1.5708	
-13.6994	-16.5666	0.6	1.5708	-18.4597	-12.4099	0.6	1.5708	-12.7382	-10.6497	0.6	1.5708	-19.4391	-18.3689	0.6	1.5708	
-14.5269	-17.3606	0.6	1.5708	-19.3487	-13.1841	0.6	1.5708	-13.5904	-11.4023	0.6	1.5708	-20.2619	-19.1319	0.6	1.5708	
-15.3779	-18.1525	0.6	1.5708	-20.2467	-13.9926	0.6	1.5708	-14.493	-12.1785	0.6	1.5708	-21.1293	-19.9064	0.6	1.5708	
-16.2426	-18.959	0.6	1.5708	-21.1687	-14.8068	0.6	1.5708	-15.4394	-12.9909	0.6	1.5708	-21.9926	-20.7209	0.6	1.5708	
-17.1158	-19.7862	0.6	1.5708	-22.1482	-15.6245	0.6	1.5708	-16.3923	-13.8111	0.6	1.5708	-22.8638	-21.5948	0.6	1.5708	
-18.0018	-20.6231	0.6	1.5708	-23.1231	-16.4726	0.6	1.5708	-17.3734	-14.6403	0.6	1.5708	-23.7544	-22.4715	0.6	1.5708	
-18.8451	-21.4679	0.6	1.5708	-24.1173	-17.3476	0.6	1.5708	-18.3614	-15.4997	0.6	1.5708	-24.6484	-23.3419	0.6	1.5708	
-19.6939	-22.3555	0.6	1.5708	-25.138	-18.2239	0.6	1.5708	-19.4063	-16.3438	0.6	1.5708	-25.5094	-24.2237	0.6	1.5708	
-20.3447	-23.2196	0.6	1.5708	-26.1849	-19.1309	0.6	1.5708	-20.4511	-17.2483	0.6	1.5708	-26.3828	-25.1108	0.6	1.5708	
-20.8666	-24.0975	0.6	1.5708	-27.2452	-20.0219	0.6	1.5708	-21.5127	-18.1577	0.6	1.5708	-27.1341	-26.0424	0.6	1.5708	
-21.0855	-24.9077	0.6	1.5708	-28.3312	-20.9801	0.6	1.5708	-22.6018	-19.1196	0.6	1.5708	-27.7521	-26.9566	0.6	1.5708	
-20.803	-25.4549	0.6	1.5708	-29.4499	-21.9598	0.6	1.5708	-23.6966	-20.1753	0.6	1.5708	-28.0806	-27.8559	0.6	1.5708	
-20.2313	-25.6223	0.6	1.5708	-30.5531	-23.0779	0.6	1.5708	-24.7969	-21.3649	0.6	1.5708	-27.883	-28.7256	0.6	1.5708	
-19.6769	-24.6373	0.6	1.5708	-31.5858	-24.6023	0.6	1.5708	-25.8897	-22.5696	0.6	1.5708	-27.1811	-29.3878	0.6	1.5708	
-20.0906	-23.2855	0.6	1.5708	-32.4719	-26.3674	0.6	1.5708	-26.9854	-23.8027	0.6	1.5708	-25.5972	-29.6861	0.6	1.5708	
-20.6571	-21.9467	0.6	1.5708	-33.2911	-28.181	0.6	1.5708	-28.0568	-25.032	0.6	1.5708	-23.9951	-29.9499	0.6	1.5708	
-21.2233	-20.6119	0.6	1.5708	-33.9234	-30.0923	0.6	1.5708	-29.1244	-26.2732	0.6	1.5708	-22.7093	-29.1103	0.6	1.5708	
-21.7851	-19.273	0.6	1.5708	-34.3553	-32.0406	0.6	1.5708	-30.2049	-27.51	0.6	1.5708	-21.6395	-27.9485	0.6	1.5708	
-22.3746	-17.934	0.6	1.5708	-34.4475	-34.0528	0.6	1.5708	-31.2657	-28.7186	0.6	1.5708	-20.5777	-26.7707	0.6	1.5708	
-22.9473	-16.6069	0.6	1.5708	-33.959	-36.0064	0.6	1.5708	-32.3346	-29.9592	0.6	1.5708	-19.5156	-25.609	0.6	1.5708	
-23.5154	-15.2756	0.6	1.5708	-32.733	-37.5892	0.6	1.5708	-33.4205	-31.1834	0.6	1.5708	-18.4495	-24.4513	0.6	1.5708	
-24.0709	-13.9282	0.6	1.5708	-30.8326	-38.0437	0.6	1.5708	-34.4861	-32.3877	0.6	1.5708	-17.3994	-23.2976	0.6	1.5708	
-24.6463	-12.5808	0.6	1.5708	-28.891	-38.3532	0.6	1.5708	-35.5555	-33.6241	0.6	1.5708	-16.3372	-22.14	0.6	1.5708	
-25.2251	-11.2293	0.6	1.5708	-26.9532	-38.6783	0.6	1.5708	-36.654	-34.8321	0.6	1.5708	-15.2589	-20.9704	0.6	1.5708	
-25.8033	-9.88962	0.6	1.5708	-25.0351	-38.9743	0.6	1.5708	-37.7505	-36.0568	0.6	1.5708	-14.2047	-19.8207	0.6	1.5708	
-26.3807	-8.54981	0.6	1.5708	-23.081	-39.2901	0.6	1.5708	-38.8299	-37.2941	0.6	1.5708	-13.1345	-18.6751	0.6	1.5708	
-26.9373	-7.21784	0.6	1.5708	-21.1426	-39.5931	0.6	1.5708	-39.9058	-38.4992	0.6	1.5708	-12.0484	-17.5294	0.6	1.5708	
-27.4975	-5.87379	0.6	1.5708	-19.212	-39.8916	0.6	1.5708	-40.9764	-39.7368	0.6	1.5708	-10.9788	-16.3835	0.6	1.5708	
-28.0612	-4.53366	0.6	1.5708	-17.2934	-40.1856	0.6	1.5708	-42.0684	-40.9698	0.6	1.5708	-9.92134	-15.2135	0.6	1.5708	
-28.6125	-3.20941	0.6	1.5708	-15.3746	-40.4953	0.6	1.5708	-43.1556	-42.1832	0.6	1.5708	-8.85569	-14.0677	0.6	1.5708	
-29.1873	-1.88107	0.6	1.5708	-13.4236	-40.8201	0.6	1.5708	-44.2364	-43.3976	0.6	1.5708	-7.8062	-12.9217	0.6	1.5708	
-29.7611	-0.544539	0.6	1.5708	-11.4682	-41.1357	0.6	1.5708	-45.2989	-44.625	0.6	1.5708	-6.74867	-11.7557	0.6	1.5708	
-30.3379	0.792184	0.6	1.5708	-9.53256	-41.4463	0.6	1.5708	-46.2471	-45.716	0.6	1.5708	-5.69896	-10.5779	0.6	1.5708	
-30.8857	2.12112	0.6	1.5708	-7.60461	-41.7559	0.6	1.5708	-47.0337	-46.5808	0.6	1.5708	-4.6368	-9.41623	0.6	1.5708	
-31.4611	3.45014	0.6	1.5708	-5.66836	-42.0565	0.6	1.5708	-47.663	-47.2766	0.6	1.5708	-3.56655	-8.24261	0.6	1.5708	
-32.0392	4.79541	0.6	1.5708	-3.71188	-42.3442	0.6	1.5708	-48.1664	-47.8493	0.6	1.5708	-2.50418	-7.08506	0.6	1.5708	
-32.5921	6.15291	0.6	1.5708	-1.75931	-42.6397	0.6	1.5708	-48.5451	-48.3195	0.6	1.5708	-1.43778	-5.90752	0.6	1.5708	
-33.1567	7.50649	0.6	1.5708	0.165432	-42.9345	0.6	1.5708	-48.8441	-48.6756	0.6	1.5708	-0.379123	-4.75809	0.6	1.5708	
-33.7005	8.86423	0.6	1.5708	2.1104	-43.2525	0.6	1.5708	-49.0913	-48.9644	0.6	1.5708	0.707514	-3.57665	0.6	1.5708	
-34.2801	10.218	0.6	1.5708	4.06784	-43.5569	0.6	1.5708	-49.309	-49.1956	0.6	1.5708	1.79016	-2.39522	0.6	1.5708	
-34.8343	11.568	0.6	1.5708	6.01761	-43.8601	0.6	1.5708	-49.4592	-49.3924	0.6	1.5708	2.84887	-1.24182	0.6	1.5708	
-35.4078	12.9102	0.6	1.5708	7.93974	-44.138	0.6	1.5708	-49.6074	-49.538	0.6	1.5708	3.89962	-0.0924389	0.6	1.5708	
-35.9718	14.2607	0.6	1.5708	9.87799	-44.4475	0.6	1.5708	-49.7219	-49.6584	0.6	1.5708	4.95048	1.06489	0.6	1.5708	
-36.5387	15.5874	0.6	1.5708	11.8288	-44.7391	0.6	1.5708	-49.7935	-49.7467	0.6	1.5708	6.01759	2.21811	0.6	1.5708	
-37.1039	16.9144	0.6	1.5708	13.7798	-45.0416	0.6	1.5708	-49.8588	-49.8334	0.6	1.5708	7.0926	3.38337	0.6	1.5708	
-37.6473	18.2698	0.6	1.5708	15.7234	-45.3144	0.6	1.5708	-49.8908	-49.8454	0.6	1.5708	8.15557	4.55265	0.6	1.5708	
-38.2021	19.6213	0.6	1.5708	17.683	-45.5949	0.6	1.5708	-49.9228	-49.8774	0.6	1.5708	9.21079	5.72182	0.6	1.5708	
-38.7597	20.945	0.6	1.5708	19.6148	-45.8986	0.6	1.5708	-49.9428	-49.8934	0.6	1.5708	10.2824	6.86681	0.6	1.5708	
-39.3275	22.2811	0.6	1.5708	21.5554	-46.1797	0.6	1.5708	-49.9588	-49.9334	0.6	1.5708	11.3417	8.03194	0.6	1.5708	
-39.8608	23.6417	0.6	1.5708	23.5002	-46.4836	0.6	1.5708	-49.9748	-49.9734	0.6	1.5708	12.4252	9.18895	0.6	1.5708	
-40.3978	24.9983	0.6	1.5708	25.4339	-46.7805	0.6	1.5708	-50.0148	-49.9934	0.6	1.5708	13.5084	10.3541	0.6	1.5708	
-40.9419	26.3231	0.6	1.5708	27.3884	-47.0662	0.6	1.5708	-50.0228	-50.0254	0.6	1.5708	14.5714	11.4994	0.6	1.5708	
-41.4762	27.6762	0.6	1.5708	29.3436	-47.3374	0.6	1.5708	-50.0268	-50.0614	0.6	1.5708	15.6262	12.6808	0.6	1.5708	
-42.0375	29.0336	0.6	1.5708	31.3072	-47.599	0.6	1.5708	-50.0348	-50.1014	0.6	1.5708	16.6897	13.8538	0.6	1.5708	
-42.5962	30.3834	0.6	1.5708	33.271	-47.8838	0.6	1.5708	-50.0708	-50.1134	0.6	1.5708	17.7696	15.0347	0.6	1.5708	
-43.1239	31.7338	0.6	1.5708	35.2077	-48.1448	0.6	1.5708	-50.1068	-50.1334	0.6	1.5708	18.8537	16.2114	0.6	1.5708	
-43.6624	33.0804	0.6	1.5708	37.161	-48.4118	0.6	1.5708	-50.1228	-50.1414	0.6	1.5708	19.9218	17.3882	0.6	1.5708	
-44.1824	34.4195	0.6	1.5708	39.1231	-48.6675	0.6	1.5708	-50.1428	-50.1734	0.6	1.5708	20.9903	18.5528	0.6	1.5708	
-44.733	35.7668	0.6	1.5708	41.0817	-48.9369	0.6	1.5708	-50.1748	-50.1854	0.6	1.5708	22.051	19.7012	0.6	1.5708	
-45.2673	37.111	0.6	1.5708	42.8614	-49.1735	0.6	1.5708	-50.2108	-50.1894	0.6	1.5708	23.1237	20.8738	0.6	1.5708	
-45.7939	38.4438	0.6	1.5708	44.2571	-49.3708	0.6	1.5708	-50.2468	-50.2054	0.6	1.5708	24.1846	22.0181	0.6	1.5708	
-46.3244	39.7814	0.6	1.5708	45.4017	-49.5087	0.6	1.5708	-50.2214	-50.1923	0.6	1.5708	25.2573	23.1866	0.6	1.5708	
-46.8534	41.128	0.6	1.5708	46.2813	-49.6349	0.6	1.5708	-50.2574	-50.2243	0.6	1.5708	26.3382	24.359	0.6	1.5708	
-47.3439	42.4917	0.6	1.5708	46.9891	-49.7479	0.6	1.5708	-50.218	-50.1954	0.6	1.5708	27.3912	25.5074	0.6	1.5708	
-47.8692	43.8316	0.6	1.5708	47.5713	-49.8344	0.6	1.5708	-50.222	-50.2074	0.6	1.5708	28.4484	26.6636	0.6	1.5708	
-48.3314	45.0333	0.6	1.5708	48.017	-49.8835	0.6	1.5708	-50.23	-50.2194	0.6	1.5708	29.5179	27.8437	0.6	1.5708	
-48.6971	46.0027	0.6	1.5708	48.3896	-49.9268	0.6	1.5708	-50.188	-50.2115	0.6	1.5708	30.5802	29.0195	0.6	1.5708	
-48.9617	46.7861	0.6	1.5708	48.6717	-49.9574	0.6	1.5708	-50.212	-50.2515	0.6	1.5708	31.6715	30.1788	0.6	1.5708	
-49.1893	47.4049	0.6	1.5708	48.9213	-49.9819	0.6	1.5708	-50.1976	-50.2052	0.6	1.5708	32.762	31.3424	0.6	1.5708	
-49.3835	47.8879	0.6	1.5708	49.1091	-50.0256	0.6	1.5708	-50.2016	-50.2092	0.6	1.5708	33.8199	32.4984	0.6	1.5708	
-49.5308	48.2903	0.6	1.5708	49.2793	-50.0404	0.6	1.5708	-50.2136	-50.2372	0.6	1.5708	34.8862	33.6741	0.6	1.5708	
-49.6286	48.6123	0.6	1.5708	49.4034	-50.0604	0.6	1.5708	-50.1789	-50.2058	0.6	1.5708	35.9416	34.8293	0.6	1.5708	
-49.7309	48.8738	0.6	1.5708	49.4867	-50.0563	0.6	1.5708	-50.1909	-50.2458	0.6	1.5708	37.0177	35.9762	0.6	1.5708	
-49.8207	49.0591	0.6	1.5708	49.5614	-50.085	0.6	1.5708	-50.2309	-50.2698	0.6	1.5708	38.0931	37.1355	0.6	1.5708	
-49.8886	49.2232	0.6	1.5708	49.6451	-50.072	0.6	1.5708	-50.1887	-50.2398	0.6	1.5708	39.1843	38.3108	0.6	1.5708	
-49.9469	49.3626	0.6	1.5708	49.6881	-50.0616	0.6	1.5708	-50.2167	-50.2678	0.6	1.5708	40.2553	39.4782	0.6	1.5708	
-49.9935	49.4701	0.6	1.5708	49.7345	-50.0853	0.6	1.5708	-50.1854	-50.2463	0.6	1.5708	41.319	40.6573	0.6	1.5708	
-50.0268	49.5681	0.6	1.5708	49.6985	-50.1173	0.6	1.5708	-50.2094	-50.2583	0.6	1.5708	42.4093	41.8232	0.6	1.5708	
-50.0494	49.6424	0.6	1.5708	49.7468	-50.1258	0.6	1.5708	-50.1955	-50.2186	0.6	1.5708	43.4748	42.9855	0.6	1.5708	
-50.0675	49.702	0.6	1.5708	49.7308	-50.1338	0.6	1.5708	-50.2315	-50.2466	0.6	1.5708	44.5579	44.143	0.6	1.5708	
-50.1075	49.674	0.6	1.5708	49.7108	-50.1418	0.6	1.5708	-50.2052	-50.2373	0.6	1.5708	45.6423	45.3104	0.6	1.5708	
-50.094	49.6992	0.6	1.5708	49.7366	-50.1375	0.6	1.5708	-50.2092	-50.2773	0.6	1.5708	46.4778	46.2163	0.6	1.5708	
-50.134	49.6592	0.6	1.5708	49.7206	-50.1655	0.6	1.5708	-50.1713	-50.2618	0.6	1.5708	47.1743	46.9451	0.6	1.5708	
-50.1152	49.7153	0.6	1.5708	49.7485	-50.1684	0.6	1.5708	-50.2113	-50.3018	0.6	1.5708	47.7194	47.516	0.6	1.5708	
-50.1432	49.6793	0.6	1.5708	49.7405	-50.2084	0.6	1.5708	-50.2051	-50.2535	0.6	1.5708	48.1715	47.9768	0.6	1.5708	
-50.1546	49.7155	0.6	1.5708	49.7724	-50.1707	0.6	1.5708	-50.1881	-50.2108	0.6	1.5708	48.5132	48.3655	0.6	1.5708	
-50.1277	49.7404	0.6	1.5708	49.7684	-50.2107	0.6	1.5708	-50.2161	-50.2508	0.6	1.5708	48.7826	48.6644	0.6	1.5708	
-50.1397	49.7364	0.6	1.5708	49.7444	-50.2147	0.6	1.5708	-50.1768	-50.2366	0.6	1.5708	49.0221	48.9075	0.6	1.5708	
-50.1717	49.6964	0.6	1.5708	49.7795	-50.1918	0.6	1.5708	-50.1809	-50.2566	0.6	1.5708	49.2017	49.09	0.6	1.5708	
-50.1733	49.7331	0.6	1.5708	49.7515	-50.2038	0.6	1.5708	-50.2129	-50.2686	0.6	1.5708	49.3333	49.244	0.6	1.5708	
-50.1427	49.7545	0.6	1.5708	49.7772	-50.187	0.6	1.5708	-50.1943	-50.2189	0.6	1.5708	49.4627	49.3672	0.6	1.5708	
-50.1507	49.7265	0.6	1.5708	49.7452	-50.191	0.6	1.5708	-50.2143	-50.2429	0.6	1.5708	49.5421	49.4898	0.6	1.5708	
