5	-5	0.6	1.5708	-5	5	0.6	1.5708	5	5	0.6	1.5708	-5	-5	0.6	1.5708	-5	0	0.6	1.5708	5	0	0.6	1.5708	0	5	0.6	1.5708	0	-5	0.6	1.5708	
4.74106	-4.78506	0.6	1.5708	-4.78106	4.74906	0.6	1.5708	4.74106	4.74906	0.6	1.5708	-4.78506	-4.80106	0.6	1.5708	-4.604	-0.036	0.6	1.5708	4.568	-0.012	0.6	1.5708	-0.04	4.71316	0.6	1.5708	-0.028	-4.73316	0.6	1.5708	
4.47844	-4.59826	0.6	1.5708	-4.64899	4.48103	0.6	1.5708	4.47567	4.51126	0.6	1.5708	-4.62431	-4.61936	0.6	1.5708	-4.23715	-0.106374	0.6	1.5708	4.13631	-0.0556858	0.6	1.5708	-0.0802285	4.29415	0.6	1.5708	-0.0587711	-4.36605	0.6	1.5708	
4.2196	-4.45014	0.6	1.5708	-4.5335	4.22254	0.6	1.5708	4.21991	4.26811	0.6	1.5708	-4.50578	-4.51624	0.6	1.5708	-3.84421	-0.18368	0.6	1.5708	3.7017	-0.0929726	0.6	1.5708	-0.156453	3.88558	0.6	1.5708	-0.109698	-3.99236	0.6	1.5708	
3.97408	-4.36045	0.6	1.5708	-4.48203	3.97096	0.6	1.5708	3.95247	4.01606	0.6	1.5708	-4.39978	-4.44458	0.6	1.5708	-3.48219	-0.292219	0.6	1.5708	3.28792	-0.171114	0.6	1.5708	-0.247833	3.472	0.6	1.5708	-0.205307	-3.61083	0.6	1.5708	
3.75506	-4.30635	0.6	1.5708	-4.45976	3.75006	0.6	1.5708	3.69399	3.77991	0.6	1.5708	-4.31518	-4.40372	0.6	1.5708	-3.35791	-0.399866	0.6	1.5708	2.96429	-0.264084	0.6	1.5708	-0.373902	3.1338	0.6	1.5708	-0.318289	-3.49292	0.6	1.5708	
3.54736	-4.2985	0.6	1.5708	-4.49461	3.53866	0.6	1.5708	3.45493	3.56441	0.6	1.5708	-4.32246	-4.43351	0.6	1.5708	-3.35407	-0.490161	0.6	1.5708	2.64913	-0.399166	0.6	1.5708	-0.513214	2.84158	0.6	1.5708	-0.408807	-3.46368	0.6	1.5708	
3.36237	-4.35419	0.6	1.5708	-4.58505	3.34593	0.6	1.5708	3.2287	3.32392	0.6	1.5708	-4.37787	-4.48715	0.6	1.5708	-3.41447	-0.624707	0.6	1.5708	2.37851	-0.551948	0.6	1.5708	-0.663936	2.56385	0.6	1.5708	-0.540814	-3.50566	0.6	1.5708	
3.15701	-4.52008	0.6	1.5708	-4.71311	3.11905	0.6	1.5708	3.02432	3.12485	0.6	1.5708	-4.50414	-4.58393	0.6	1.5708	-3.56336	-0.744443	0.6	1.5708	2.07502	-0.707358	0.6	1.5708	-0.841075	2.28862	0.6	1.5708	-0.693552	-3.61065	0.6	1.5708	
3.00972	-4.67819	0.6	1.5708	-4.88265	2.92055	0.6	1.5708	2.82901	2.92778	0.6	1.5708	-4.68808	-4.72904	0.6	1.5708	-3.7361	-0.899659	0.6	1.5708	1.83726	-0.904049	0.6	1.5708	-1.02061	2.01911	0.6	1.5708	-0.874502	-3.745	0.6	1.5708	
2.87304	-4.85719	0.6	1.5708	-5.09932	2.74117	0.6	1.5708	2.64486	2.72181	0.6	1.5708	-4.93415	-4.9041	0.6	1.5708	-3.94849	-1.08152	0.6	1.5708	1.64286	-1.11253	0.6	1.5708	-1.2202	1.75078	0.6	1.5708	-1.0678	-3.99134	0.6	1.5708	
2.78457	-5.06203	0.6	1.5708	-5.307	2.59061	0.6	1.5708	2.41122	2.49589	0.6	1.5708	-5.1977	-5.14806	0.6	1.5708	-4.24031	-1.27627	0.6	1.5708	1.41947	-1.33576	0.6	1.5708	-1.43734	1.54647	0.6	1.5708	-1.29102	-4.28484	0.6	1.5708	
2.72094	-5.27208	0.6	1.5708	-5.50205	2.46016	0.6	1.5708	2.17068	2.25191	0.6	1.5708	-5.46041	-5.38787	0.6	1.5708	-4.51069	-1.50804	0.6	1.5708	1.14307	-1.60935	0.6	1.5708	-1.68008	1.31032	0.6	1.5708	-1.54481	-4.5333	0.6	1.5708	
2.69394	-5.47077	0.6	1.5708	-5.70963	2.34352	0.6	1.5708	1.91775	1.9829	0.6	1.5708	-5.72661	-5.63258	0.6	1.5708	-4.78669	-1.76651	0.6	1.5708	0.876308	-1.90361	0.6	1.5708	-1.95497	1.04881	0.6	1.5708	-1.8093	-4.86883	0.6	1.5708	
2.692	-5.63	0.6	1.5708	-5.92653	2.27269	0.6	1.5708	1.68425	1.73924	0.6	1.5708	-6.0139	-5.91013	0.6	1.5708	-5.11921	-2.0261	0.6	1.5708	0.556734	-2.20535	0.6	1.5708	-2.25898	0.769962	0.6	1.5708	-2.10453	-5.19001	0.6	1.5708	
2.73989	-5.70815	0.6	1.5708	-6.14786	2.26737	0.6	1.5708	1.43057	1.49167	0.6	1.5708	-6.31587	-6.20899	0.6	1.5708	-5.43958	-2.3273	0.6	1.5708	0.255036	-2.47547	0.6	1.5708	-2.54428	0.495004	0.6	1.5708	-2.3764	-5.52663	0.6	1.5708	
2.79237	-5.64946	0.6	1.5708	-6.28593	2.29549	0.6	1.5708	1.18509	1.252	0.6	1.5708	-6.62412	-6.53771	0.6	1.5708	-5.76387	-2.6446	0.6	1.5708	-0.0409634	-2.7568	0.6	1.5708	-2.84171	0.200967	0.6	1.5708	-2.62101	-5.86915	0.6	1.5708	
2.80904	-5.53707	0.6	1.5708	-6.33633	2.38774	0.6	1.5708	0.923804	1.00024	0.6	1.5708	-6.87703	-6.86997	0.6	1.5708	-6.08312	-2.93096	0.6	1.5708	-0.326771	-3.01243	0.6	1.5708	-3.13092	-0.0825744	0.6	1.5708	-2.88584	-6.21598	0.6	1.5708	
2.79934	-5.36498	0.6	1.5708	-6.2622	2.48862	0.6	1.5708	0.686837	0.73232	0.6	1.5708	-7.15986	-7.21429	0.6	1.5708	-6.41311	-3.2422	0.6	1.5708	-0.616932	-3.27271	0.6	1.5708	-3.43112	-0.360236	0.6	1.5708	-3.12692	-6.5685	0.6	1.5708	
2.78214	-5.1715	0.6	1.5708	-6.12676	2.58147	0.6	1.5708	0.429124	0.492769	0.6	1.5708	-7.44308	-7.55184	0.6	1.5708	-6.71563	-3.53731	0.6	1.5708	-0.913163	-3.55147	0.6	1.5708	-3.72325	-0.616514	0.6	1.5708	-3.36616	-6.91863	0.6	1.5708	
2.69538	-4.9291	0.6	1.5708	-5.96902	2.67001	0.6	1.5708	0.195978	0.252937	0.6	1.5708	-7.70523	-7.89597	0.6	1.5708	-6.93271	-3.90604	0.6	1.5708	-1.18492	-3.79034	0.6	1.5708	-3.98722	-0.890164	0.6	1.5708	-3.61261	-7.25941	0.6	1.5708	
2.5359	-4.7056	0.6	1.5708	-5.70416	2.65868	0.6	1.5708	-0.0692838	0.00116217	0.6	1.5708	-7.92931	-8.23399	0.6	1.5708	-7.12206	-4.29503	0.6	1.5708	-1.42311	-4.04397	0.6	1.5708	-4.25258	-1.11987	0.6	1.5708	-3.84875	-7.55686	0.6	1.5708	
2.34716	-4.49273	0.6	1.5708	-5.42083	2.59668	0.6	1.5708	-0.33804	-0.254862	0.6	1.5708	-8.15549	-8.58769	0.6	1.5708	-7.26834	-4.67594	0.6	1.5708	-1.70949	-4.29476	0.6	1.5708	-4.51781	-1.38509	0.6	1.5708	-4.09777	-7.85362	0.6	1.5708	
2.13512	-4.26461	0.6	1.5708	-5.15615	2.43516	0.6	1.5708	-0.606257	-0.519152	0.6	1.5708	-8.36711	-8.95999	0.6	1.5708	-7.40593	-5.057	0.6	1.5708	-1.98942	-4.56779	0.6	1.5708	-4.76292	-1.65209	0.6	1.5708	-4.3068	-8.14777	0.6	1.5708	
1.97722	-4.03768	0.6	1.5708	-4.90226	2.20772	0.6	1.5708	-0.912534	-0.685434	0.6	1.5708	-8.56837	-9.33652	0.6	1.5708	-7.56421	-5.4119	0.6	1.5708	-2.27256	-4.84986	0.6	1.5708	-4.99751	-1.92077	0.6	1.5708	-4.51436	-8.45772	0.6	1.5708	
1.80512	-3.80272	0.6	1.5708	-4.64182	2.09316	0.6	1.5708	-1.26031	-0.960027	0.6	1.5708	-8.76683	-9.69648	0.6	1.5708	-7.7124	-5.76171	0.6	1.5708	-2.49416	-5.07902	0.6	1.5708	-5.25208	-2.20673	0.6	1.5708	-4.72742	-8.76816	0.6	1.5708	
1.66548	-3.56276	0.6	1.5708	-4.38201	2.0082	0.6	1.5708	-1.58626	-1.21074	0.6	1.5708	-8.97216	-10.047	0.6	1.5708	-7.87571	-6.08934	0.6	1.5708	-2.72196	-5.34581	0.6	1.5708	-5.56972	-2.47532	0.6	1.5708	-4.91902	-9.06237	0.6	1.5708	
1.56	-3.35436	0.6	1.5708	-4.10568	1.95645	0.6	1.5708	-1.95035	-1.46118	0.6	1.5708	-9.1592	-10.3889	0.6	1.5708	-8.03022	-6.44056	0.6	1.5708	-2.93521	-5.62034	0.6	1.5708	-5.90676	-2.72925	0.6	1.5708	-5.11046	-9.36391	0.6	1.5708	
1.43605	-3.12654	0.6	1.5708	-3.87343	1.92732	0.6	1.5708	-2.28686	-1.71377	0.6	1.5708	-9.33781	-10.73	0.6	1.5708	-8.19046	-6.79634	0.6	1.5708	-3.09171	-5.9066	0.6	1.5708	-6.31029	-2.91854	0.6	1.5708	-5.26513	-9.65659	0.6	1.5708	
1.25588	-2.87887	0.6	1.5708	-3.60262	1.88245	0.6	1.5708	-2.62352	-1.97398	0.6	1.5708	-9.4765	-11.1075	0.6	1.5708	-8.30794	-7.11429	0.6	1.5708	-3.18515	-6.18309	0.6	1.5708	-6.71469	-3.1114	0.6	1.5708	-5.39904	-9.93482	0.6	1.5708	
1.05605	-2.66824	0.6	1.5708	-3.32367	1.77161	0.6	1.5708	-2.93168	-2.2187	0.6	1.5708	-9.60563	-11.4561	0.6	1.5708	-8.41175	-7.37439	0.6	1.5708	-3.20029	-6.43661	0.6	1.5708	-7.09279	-3.28241	0.6	1.5708	-5.51614	-10.206	0.6	1.5708	
0.849027	-2.46129	0.6	1.5708	-3.05121	1.5664	0.6	1.5708	-3.19591	-2.43592	0.6	1.5708	-9.72387	-11.7451	0.6	1.5708	-8.48594	-7.6	0.6	1.5708	-3.17896	-6.65242	0.6	1.5708	-7.40964	-3.54644	0.6	1.5708	-5.6121	-10.4592	0.6	1.5708	
0.619102	-2.21791	0.6	1.5708	-2.80518	1.3207	0.6	1.5708	-3.43321	-2.71141	0.6	1.5708	-9.85458	-11.9821	0.6	1.5708	-8.59157	-7.87535	0.6	1.5708	-3.14081	-6.80683	0.6	1.5708	-7.70087	-3.81452	0.6	1.5708	-5.65517	-10.6503	0.6	1.5708	
0.583538	-2.14548	0.6	1.5708	-2.72143	1.28627	0.6	1.5708	-3.64158	-2.96449	0.6	1.5708	-9.90848	-12.2465	0.6	1.5708	-8.7086	-8.14889	0.6	1.5708	-3.10952	-6.98762	0.6	1.5708	-7.96208	-4.1077	0.6	1.5708	-5.65806	-10.7857	0.6	1.5708	
0.549101	-2.09366	0.6	1.5708	-2.61545	1.28074	0.6	1.5708	-3.83648	-3.24947	0.6	1.5708	-9.86261	-12.5602	0.6	1.5708	-8.85424	-8.46817	0.6	1.5708	-3.07892	-7.18439	0.6	1.5708	-8.15578	-4.4077	0.6	1.5708	-5.67329	-10.8907	0.6	1.5708	
0.493304	-2.06622	0.6	1.5708	-2.51149	1.26559	0.6	1.5708	-4.03862	-3.50945	0.6	1.5708	-9.7705	-12.8725	0.6	1.5708	-9.00363	-8.79316	0.6	1.5708	-3.05	-7.42779	0.6	1.5708	-8.33186	-4.76037	0.6	1.5708	-5.67599	-10.9848	0.6	1.5708	
0.445569	-2.06544	0.6	1.5708	-2.39958	1.28238	0.6	1.5708	-4.2206	-3.77879	0.6	1.5708	-9.61407	-13.2142	0.6	1.5708	-9.1705	-9.13521	0.6	1.5708	-2.95043	-7.59874	0.6	1.5708	-8.46538	-5.12166	0.6	1.5708	-5.69704	-11.1147	0.6	1.5708	
0.354525	-2.08268	0.6	1.5708	-2.25355	1.32513	0.6	1.5708	-4.38048	-4.05103	0.6	1.5708	-9.44451	-13.5422	0.6	1.5708	-9.33483	-9.50314	0.6	1.5708	-2.85388	-7.7424	0.6	1.5708	-8.59073	-5.49902	0.6	1.5708	-5.70343	-11.1746	0.6	1.5708	
0.207097	-2.12494	0.6	1.5708	-2.05751	1.37136	0.6	1.5708	-4.51638	-4.27683	0.6	1.5708	-9.30052	-13.8787	0.6	1.5708	-9.52358	-9.8719	0.6	1.5708	-2.7229	-7.87574	0.6	1.5708	-8.65794	-5.91898	0.6	1.5708	-5.73224	-11.1918	0.6	1.5708	
0.0345714	-2.18568	0.6	1.5708	-1.85774	1.40486	0.6	1.5708	-4.64511	-4.46146	0.6	1.5708	-9.15404	-14.2398	0.6	1.5708	-9.67928	-10.2652	0.6	1.5708	-2.59097	-7.95937	0.6	1.5708	-8.69323	-6.34858	0.6	1.5708	-5.77671	-11.1218	0.6	1.5708	
-0.123744	-2.27956	0.6	1.5708	-1.64476	1.42007	0.6	1.5708	-4.74009	-4.60917	0.6	1.5708	-8.98649	-14.6007	0.6	1.5708	-9.86566	-10.6518	0.6	1.5708	-2.4278	-7.97654	0.6	1.5708	-8.70138	-6.74138	0.6	1.5708	-5.83948	-10.93	0.6	1.5708	
-0.2027	-2.39854	0.6	1.5708	-1.44905	1.41586	0.6	1.5708	-4.83207	-4.71934	0.6	1.5708	-8.75892	-14.8744	0.6	1.5708	-10.0121	-11.0418	0.6	1.5708	-2.26397	-7.93115	0.6	1.5708	-8.62694	-7.13961	0.6	1.5708	-5.84263	-10.6735	0.6	1.5708	
-0.338566	-2.52791	0.6	1.5708	-1.20771	1.36318	0.6	1.5708	-4.87765	-4.81547	0.6	1.5708	-8.47934	-15.1253	0.6	1.5708	-10.123	-11.4092	0.6	1.5708	-2.13198	-7.80836	0.6	1.5708	-8.67893	-7.386	0.6	1.5708	-5.73777	-10.5729	0.6	1.5708	
-0.528725	-2.68047	0.6	1.5708	-0.966819	1.28985	0.6	1.5708	-4.88165	-4.82347	0.6	1.5708	-8.17687	-15.2765	0.6	1.5708	-10.0879	-11.7701	0.6	1.5708	-2.02292	-7.69942	0.6	1.5708	-8.69452	-7.56452	0.6	1.5708	-5.62653	-10.423	0.6	1.5708	
-0.713258	-2.83622	0.6	1.5708	-0.716097	1.16378	0.6	1.5708	-4.90965	-4.84747	0.6	1.5708	-7.87596	-15.47	0.6	1.5708	-9.94563	-12.0404	0.6	1.5708	-1.9262	-7.56299	0.6	1.5708	-8.66858	-7.61197	0.6	1.5708	-5.52722	-10.2777	0.6	1.5708	
-0.934538	-2.96042	0.6	1.5708	-0.477534	1.0028	0.6	1.5708	-4.92165	-4.88347	0.6	1.5708	-7.57756	-15.6588	0.6	1.5708	-9.73713	-12.1707	0.6	1.5708	-1.85388	-7.53578	0.6	1.5708	-8.66407	-7.60741	0.6	1.5708	-5.40954	-10.11	0.6	1.5708	
-1.12264	-3.09186	0.6	1.5708	-0.267429	0.814658	0.6	1.5708	-4.96165	-4.90747	0.6	1.5708	-7.28293	-15.7892	0.6	1.5708	-9.49936	-12.1978	0.6	1.5708	-1.75886	-7.54713	0.6	1.5708	-8.65043	-7.60865	0.6	1.5708	-5.33184	-9.98367	0.6	1.5708	
-1.2602	-3.23858	0.6	1.5708	-0.0587985	0.57887	0.6	1.5708	-4.98165	-4.91147	0.6	1.5708	-6.9742	-15.8539	0.6	1.5708	-9.27169	-12.168	0.6	1.5708	-1.69449	-7.57787	0.6	1.5708	-8.63658	-7.61943	0.6	1.5708	-5.27284	-9.88715	0.6	1.5708	
-1.35818	-3.39242	0.6	1.5708	0.117107	0.332769	0.6	1.5708	-5.01765	-4.94347	0.6	1.5708	-6.70936	-15.8278	0.6	1.5708	-9.06453	-12.139	0.6	1.5708	-1.65886	-7.6508	0.6	1.5708	-8.63472	-7.59731	0.6	1.5708	-5.23847	-9.83535	0.6	1.5708	
-1.43018	-3.57242	0.6	1.5708	0.326501	0.0553451	0.6	1.5708	-5.04565	-4.95547	0.6	1.5708	-6.4742	-15.7668	0.6	1.5708	-8.94654	-12.0869	0.6	1.5708	-1.6125	-7.76725	0.6	1.5708	-8.62713	-7.59406	0.6	1.5708	-5.24668	-9.7777	0.6	1.5708	
-1.4349	-3.77523	0.6	1.5708	0.521366	-0.209402	0.6	1.5708	-5.05365	-4.97147	0.6	1.5708	-6.27243	-15.6101	0.6	1.5708	-8.86842	-12.0433	0.6	1.5708	-1.60232	-7.92234	0.6	1.5708	-8.65346	-7.5583	0.6	1.5708	-5.26929	-9.74703	0.6	1.5708	
-1.36354	-4.02288	0.6	1.5708	0.717949	-0.46535	0.6	1.5708	-5.08965	-4.98347	0.6	1.5708	-6.08953	-15.406	0.6	1.5708	-8.87869	-11.9744	0.6	1.5708	-1.587	-8.09469	0.6	1.5708	-8.69042	-7.5225	0.6	1.5708	-5.32326	-9.72286	0.6	1.5708	
-1.25839	-4.25394	0.6	1.5708	0.932071	-0.716575	0.6	1.5708	-5.10165	-5.02347	0.6	1.5708	-5.9688	-15.1507	0.6	1.5708	-8.93858	-11.8897	0.6	1.5708	-1.61472	-8.30937	0.6	1.5708	-8.71927	-7.48049	0.6	1.5708	-5.39902	-9.72267	0.6	1.5708	
-1.16692	-4.43116	0.6	1.5708	1.13907	-0.991386	0.6	1.5708	-5.11765	-5.04747	0.6	1.5708	-5.82912	-14.8908	0.6	1.5708	-9.06438	-11.7894	0.6	1.5708	-1.64924	-8.54076	0.6	1.5708	-8.77207	-7.43673	0.6	1.5708	-5.47798	-9.72077	0.6	1.5708	
-1.1416	-4.55369	0.6	1.5708	1.35223	-1.25316	0.6	1.5708	-5.12965	-5.08347	0.6	1.5708	-5.71741	-14.6588	0.6	1.5708	-9.21624	-11.6983	0.6	1.5708	-1.73084	-8.72075	0.6	1.5708	-8.83966	-7.3895	0.6	1.5708	-5.6028	-9.75783	0.6	1.5708	
-1.16373	-4.61354	0.6	1.5708	1.55505	-1.52214	0.6	1.5708	-5.16565	-5.11147	0.6	1.5708	-5.5832	-14.4661	0.6	1.5708	-9.41009	-11.6242	0.6	1.5708	-1.84505	-8.85429	0.6	1.5708	-8.8913	-7.33322	0.6	1.5708	-5.74378	-9.80044	0.6	1.5708	
-1.23287	-4.63178	0.6	1.5708	1.77252	-1.7858	0.6	1.5708	-5.18965	-5.14747	0.6	1.5708	-5.40429	-14.2871	0.6	1.5708	-9.61559	-11.5188	0.6	1.5708	-1.99857	-8.90993	0.6	1.5708	-8.96205	-7.26748	0.6	1.5708	-5.90238	-9.84172	0.6	1.5708	
-1.31651	-4.53875	0.6	1.5708	2.0001	-2.02843	0.6	1.5708	-5.22165	-5.17947	0.6	1.5708	-5.23386	-14.1069	0.6	1.5708	-9.84974	-11.4254	0.6	1.5708	-2.19537	-8.93438	0.6	1.5708	-9.02854	-7.1928	0.6	1.5708	-6.07949	-9.9194	0.6	1.5708	
-1.44076	-4.28811	0.6	1.5708	2.2085	-2.27463	0.6	1.5708	-5.23765	-5.21947	0.6	1.5708	-5.05338	-13.9409	0.6	1.5708	-10.0919	-11.2865	0.6	1.5708	-2.3142	-8.90352	0.6	1.5708	-9.0841	-7.16008	0.6	1.5708	-6.27216	-10.0057	0.6	1.5708	
-1.52749	-4.01335	0.6	1.5708	2.41113	-2.53971	0.6	1.5708	-5.48073	-4.89485	0.6	1.5708	-4.84299	-13.7859	0.6	1.5708	-10.3547	-11.1775	0.6	1.5708	-2.28704	-8.77277	0.6	1.5708	-9.12274	-7.12945	0.6	1.5708	-6.44051	-10.0872	0.6	1.5708	
-1.64463	-3.75245	0.6	1.5708	2.63791	-2.78262	0.6	1.5708	-5.63028	-4.74958	0.6	1.5708	-4.65113	-13.6326	0.6	1.5708	-10.621	-11.0586	0.6	1.5708	-2.37649	-8.50445	0.6	1.5708	-9.13048	-7.1016	0.6	1.5708	-6.50359	-10.0749	0.6	1.5708	
-1.78929	-3.49546	0.6	1.5708	2.87457	-3.04055	0.6	1.5708	-5.75337	-4.65774	0.6	1.5708	-4.44695	-13.4598	0.6	1.5708	-10.7806	-10.9896	0.6	1.5708	-2.49374	-8.24011	0.6	1.5708	-9.19102	-7.07046	0.6	1.5708	-6.48829	-10.0295	0.6	1.5708	
-1.91656	-3.24221	0.6	1.5708	3.10201	-3.28498	0.6	1.5708	-5.85565	-4.57141	0.6	1.5708	-4.25092	-13.2931	0.6	1.5708	-10.8161	-10.9912	0.6	1.5708	-2.58584	-7.97559	0.6	1.5708	-9.24707	-7.07808	0.6	1.5708	-6.48323	-9.95784	0.6	1.5708	
-2.05885	-2.98877	0.6	1.5708	3.33652	-3.53572	0.6	1.5708	-5.96003	-4.48484	0.6	1.5708	-4.07929	-13.128	0.6	1.5708	-10.7968	-11.0319	0.6	1.5708	-2.67356	-7.72301	0.6	1.5708	-9.3227	-7.05738	0.6	1.5708	-6.45504	-9.87043	0.6	1.5708	
-2.18362	-2.75105	0.6	1.5708	3.55503	-3.78823	0.6	1.5708	-6.07837	-4.40781	0.6	1.5708	-3.91685	-12.9527	0.6	1.5708	-10.7393	-11.0803	0.6	1.5708	-2.76089	-7.45837	0.6	1.5708	-9.38799	-7.0529	0.6	1.5708	-6.43646	-9.75591	0.6	1.5708	
-2.31916	-2.50111	0.6	1.5708	3.77288	-4.03246	0.6	1.5708	-6.22376	-4.3605	0.6	1.5708	-3.75647	-12.7268	0.6	1.5708	-10.6281	-11.1106	0.6	1.5708	-2.87996	-7.2217	0.6	1.5708	-9.4498	-7.0403	0.6	1.5708	-6.43028	-9.6512	0.6	1.5708	
-2.45717	-2.25889	0.6	1.5708	3.9983	-4.26197	0.6	1.5708	-6.35919	-4.29318	0.6	1.5708	-3.64013	-12.5009	0.6	1.5708	-10.541	-11.1441	0.6	1.5708	-3.00126	-6.96076	0.6	1.5708	-9.5249	-7.03401	0.6	1.5708	-6.42641	-9.53608	0.6	1.5708	
-2.58534	-2.00834	0.6	1.5708	4.17464	-4.42958	0.6	1.5708	-6.51686	-4.25963	0.6	1.5708	-3.54029	-12.2419	0.6	1.5708	-10.4318	-11.1634	0.6	1.5708	-3.12085	-6.69957	0.6	1.5708	-9.62114	-7.04557	0.6	1.5708	-6.39817	-9.42565	0.6	1.5708	
-2.70002	-1.75754	0.6	1.5708	4.32371	-4.55966	0.6	1.5708	-6.7213	-4.22768	0.6	1.5708	-3.41142	-11.9954	0.6	1.5708	-10.3252	-11.2009	0.6	1.5708	-3.22667	-6.46213	0.6	1.5708	-9.70135	-7.06471	0.6	1.5708	-6.40425	-9.30642	0.6	1.5708	
-2.81762	-1.50254	0.6	1.5708	4.45097	-4.66773	0.6	1.5708	-6.92017	-4.22322	0.6	1.5708	-3.30729	-11.7364	0.6	1.5708	-10.205	-11.2332	0.6	1.5708	-3.32286	-6.21247	0.6	1.5708	-9.80599	-7.10122	0.6	1.5708	-6.42088	-9.19296	0.6	1.5708	
-2.93798	-1.24335	0.6	1.5708	4.52478	-4.74218	0.6	1.5708	-7.11441	-4.26031	0.6	1.5708	-3.19482	-11.5055	0.6	1.5708	-10.1164	-11.2869	0.6	1.5708	-3.42587	-5.97464	0.6	1.5708	-9.96312	-7.16262	0.6	1.5708	-6.422	-9.06142	0.6	1.5708	
-3.06095	-0.991914	0.6	1.5708	4.61582	-4.79775	0.6	1.5708	-7.29141	-4.27839	0.6	1.5708	-3.06632	-11.2466	0.6	1.5708	-10.0214	-11.325	0.6	1.5708	-3.52713	-5.70059	0.6	1.5708	-10.124	-7.26942	0.6	1.5708	-6.42009	-8.91709	0.6	1.5708	
-3.18617	-0.736198	0.6	1.5708	4.67666	-4.8742	0.6	1.5708	-7.47116	-4.29353	0.6	1.5708	-2.96582	-10.9838	0.6	1.5708	-9.88185	-11.3655	0.6	1.5708	-3.63501	-5.45435	0.6	1.5708	-10.2668	-7.37061	0.6	1.5708	-6.37462	-8.75735	0.6	1.5708	
-3.30146	-0.47217	0.6	1.5708	4.72933	-4.93136	0.6	1.5708	-7.66677	-4.29121	0.6	1.5708	-2.86487	-10.737	0.6	1.5708	-9.67361	-11.4056	0.6	1.5708	-3.72071	-5.18383	0.6	1.5708	-10.4007	-7.48675	0.6	1.5708	-6.33022	-8.60412	0.6	1.5708	
-3.42721	-0.223904	0.6	1.5708	4.70933	-4.93936	0.6	1.5708	-7.83809	-4.34274	0.6	1.5708	-2.73559	-10.4743	0.6	1.5708	-9.39926	-11.4709	0.6	1.5708	-3.82148	-4.9292	0.6	1.5708	-10.4806	-7.62093	0.6	1.5708	-6.29402	-8.44528	0.6	1.5708	
-3.5505	0.0127393	0.6	1.5708	4.69333	-4.96736	0.6	1.5708	-7.975	-4.4013	0.6	1.5708	-2.61028	-10.2357	0.6	1.5708	-9.08693	-11.507	0.6	1.5708	-3.91615	-4.68632	0.6	1.5708	-10.5413	-7.79644	0.6	1.5708	-6.23732	-8.30328	0.6	1.5708	
-3.65902	0.253792	0.6	1.5708	4.68533	-5.00736	0.6	1.5708	-8.11372	-4.43525	0.6	1.5708	-2.48107	-10.005	0.6	1.5708	-8.77903	-11.5464	0.6	1.5708	-4.00071	-4.41118	0.6	1.5708	-10.5619	-7.95357	0.6	1.5708	-6.1707	-8.15032	0.6	1.5708	
-3.74139	0.499153	0.6	1.5708	4.68133	-5.04736	0.6	1.5708	-8.22639	-4.46444	0.6	1.5708	-2.37607	-9.76621	0.6	1.5708	-8.45855	-11.537	0.6	1.5708	-4.08798	-4.1359	0.6	1.5708	-10.4936	-8.13005	0.6	1.5708	-6.06333	-7.97554	0.6	1.5708	
-3.85098	0.736624	0.6	1.5708	4.72906	-5.05789	0.6	1.5708	-8.2905	-4.47055	0.6	1.5708	-2.25885	-9.53551	0.6	1.5708	-8.14185	-11.559	0.6	1.5708	-4.17761	-3.86843	0.6	1.5708	-10.4246	-8.26498	0.6	1.5708	-5.98415	-7.81813	0.6	1.5708	
-3.92986	0.982466	0.6	1.5708	4.70506	-5.08189	0.6	1.5708	-8.34832	-4.44003	0.6	1.5708	-2.12966	-9.29681	0.6	1.5708	-7.80414	-11.5449	0.6	1.5708	-4.26907	-3.59273	0.6	1.5708	-10.2995	-8.37798	0.6	1.5708	-5.91563	-7.658	0.6	1.5708	
-4.0279	1.25642	0.6	1.5708	4.68506	-5.10189	0.6	1.5708	-8.38734	-4.40455	0.6	1.5708	-2.00064	-9.07007	0.6	1.5708	-7.47196	-11.5117	0.6	1.5708	-4.33803	-3.34477	0.6	1.5708	-10.1201	-8.51322	0.6	1.5708	-5.82722	-7.50128	0.6	1.5708	
-4.12414	1.49861	0.6	1.5708	4.73605	-5.08551	0.6	1.5708	-8.42085	-4.35466	0.6	1.5708	-1.89989	-8.83925	0.6	1.5708	-7.15426	-11.4973	0.6	1.5708	-4.42146	-3.06866	0.6	1.5708	-9.94022	-8.60865	0.6	1.5708	-5.71403	-7.32069	0.6	1.5708	
-4.23381	1.75713	0.6	1.5708	4.70405	-5.09751	0.6	1.5708	-8.42063	-4.31417	0.6	1.5708	-1.77089	-8.5885	0.6	1.5708	-6.83804	-11.4455	0.6	1.5708	-4.48232	-2.8123	0.6	1.5708	-9.71833	-8.67752	0.6	1.5708	-5.61175	-7.15643	0.6	1.5708	
-4.31172	2.01211	0.6	1.5708	4.66805	-5.13751	0.6	1.5708	-8.43364	-4.24852	0.6	1.5708	-1.66197	-8.34573	0.6	1.5708	-6.52319	-11.3893	0.6	1.5708	-4.56195	-2.55582	0.6	1.5708	-9.48562	-8.73925	0.6	1.5708	-5.53591	-7.00644	0.6	1.5708	
-4.38003	2.27127	0.6	1.5708	4.71844	-5.11801	0.6	1.5708	-8.41931	-4.17483	0.6	1.5708	-1.54883	-8.11102	0.6	1.5708	-6.21299	-11.3467	0.6	1.5708	-4.61407	-2.27903	0.6	1.5708	-9.28807	-8.78461	0.6	1.5708	-5.47264	-6.86567	0.6	1.5708	
-4.48348	2.53053	0.6	1.5708	4.69044	-5.15001	0.6	1.5708	-8.41131	-4.05775	0.6	1.5708	-1.42761	-7.86032	0.6	1.5708	-5.88966	-11.2801	0.6	1.5708	-4.70163	-2.0142	0.6	1.5708	-9.08739	-8.8517	0.6	1.5708	-5.40898	-6.722	0.6	1.5708	
-4.546	2.77033	0.6	1.5708	4.72835	-5.12801	0.6	1.5708	-8.39724	-3.9664	0.6	1.5708	-1.32633	-7.59764	0.6	1.5708	-5.57102	-11.1994	0.6	1.5708	-4.7513	-1.77289	0.6	1.5708	-8.85857	-8.93025	0.6	1.5708	-5.33074	-6.53562	0.6	1.5708	
-4.611	3.03829	0.6	1.5708	4.70435	-5.16401	0.6	1.5708	-8.37429	-3.86443	0.6	1.5708	-1.20048	-7.35111	0.6	1.5708	-5.25323	-11.1448	0.6	1.5708	-4.82678	-1.52343	0.6	1.5708	-8.61885	-8.97297	0.6	1.5708	-5.23979	-6.3516	0.6	1.5708	
-4.68255	3.28639	0.6	1.5708	4.74348	-5.1632	0.6	1.5708	-8.34508	-3.74104	0.6	1.5708	-1.10267	-7.11256	0.6	1.5708	-4.94662	-11.0774	0.6	1.5708	-4.87884	-1.2735	0.6	1.5708	-8.35784	-8.97409	0.6	1.5708	-5.13711	-6.13979	0.6	1.5708	
-4.7505	3.52684	0.6	1.5708	4.73148	-5.1872	0.6	1.5708	-8.31938	-3.60379	0.6	1.5708	-0.972426	-6.88612	0.6	1.5708	-4.65843	-10.9933	0.6	1.5708	-4.93507	-1.0348	0.6	1.5708	-8.06941	-8.96484	0.6	1.5708	-5.04472	-5.91073	0.6	1.5708	
-4.81806	3.79967	0.6	1.5708	4.77318	-5.18576	0.6	1.5708	-8.3096	-3.52	0.6	1.5708	-0.854508	-6.6596	0.6	1.5708	-4.34626	-10.9313	0.6	1.5708	-4.97606	-0.867838	0.6	1.5708	-7.81283	-8.88954	0.6	1.5708	-4.93642	-5.68189	0.6	1.5708	
-4.85845	4.01174	0.6	1.5708	4.75318	-5.20976	0.6	1.5708	-8.32678	-3.46529	0.6	1.5708	-0.744672	-6.42106	0.6	1.5708	-4.06606	-10.8055	0.6	1.5708	-5.01685	-0.734271	0.6	1.5708	-7.50893	-8.80764	0.6	1.5708	-4.83218	-5.42904	0.6	1.5708	
-4.91876	4.18939	0.6	1.5708	4.79855	-5.20381	0.6	1.5708	-8.35872	-3.45607	0.6	1.5708	-0.634631	-6.19057	0.6	1.5708	-3.78531	-10.6821	0.6	1.5708	-5.04948	-0.615417	0.6	1.5708	-7.21433	-8.67763	0.6	1.5708	-4.73164	-5.16426	0.6	1.5708	
-4.96301	4.31551	0.6	1.5708	4.77055	-5.21181	0.6	1.5708	-8.40312	-3.4938	0.6	1.5708	-0.528465	-5.93211	0.6	1.5708	-3.48398	-10.5703	0.6	1.5708	-5.08261	-0.520589	0.6	1.5708	-6.92194	-8.51766	0.6	1.5708	-4.61251	-4.93042	0.6	1.5708	
-4.99841	4.44441	0.6	1.5708	4.75055	-5.25181	0.6	1.5708	-8.43803	-3.65855	0.6	1.5708	-0.425782	-5.68179	0.6	1.5708	-3.19123	-10.4485	0.6	1.5708	-5.10295	-0.409809	0.6	1.5708	-6.62945	-8.36194	0.6	1.5708	-4.49494	-4.71023	0.6	1.5708	
-5.01073	4.52353	0.6	1.5708	4.78444	-5.21745	0.6	1.5708	-8.44434	-3.89031	0.6	1.5708	-0.302569	-5.45559	0.6	1.5708	-2.92338	-10.3133	0.6	1.5708	-5.12856	-0.314757	0.6	1.5708	-6.3361	-8.23111	0.6	1.5708	-4.38144	-4.49834	0.6	1.5708	
-5.01258	4.59482	0.6	1.5708	4.74844	-5.23345	0.6	1.5708	-8.39963	-4.11346	0.6	1.5708	-0.187545	-5.21335	0.6	1.5708	-2.63795	-10.1735	0.6	1.5708	-5.15359	-0.223073	0.6	1.5708	-6.06126	-8.11273	0.6	1.5708	-4.28226	-4.31492	0.6	1.5708	
-5.03006	4.66386	0.6	1.5708	4.75875	-5.19876	0.6	1.5708	-8.30626	-4.28609	0.6	1.5708	-0.0563397	-4.97516	0.6	1.5708	-2.34697	-10.0477	0.6	1.5708	-5.16959	-0.247073	0.6	1.5708	-5.79775	-7.9937	0.6	1.5708	-4.18092	-4.14621	0.6	1.5708	
-5.06405	4.71509	0.6	1.5708	4.72675	-5.21476	0.6	1.5708	-8.17792	-4.41221	0.6	1.5708	0.0466238	-4.7129	0.6	1.5708	-2.0701	-9.91449	0.6	1.5708	-5.18959	-0.275073	0.6	1.5708	-5.52108	-7.87706	0.6	1.5708	-4.04998	-4.04775	0.6	1.5708	
-5.08005	4.67509	0.6	1.5708	4.7494	-5.18781	0.6	1.5708	-8.02281	-4.5337	0.6	1.5708	0.142315	-4.45483	0.6	1.5708	-1.79022	-9.7775	0.6	1.5708	-5.17405	-0.245333	0.6	1.5708	-5.2816	-7.81703	0.6	1.5708	-3.9276	-3.98756	0.6	1.5708	
-5.07204	4.72007	0.6	1.5708	4.7254	-5.19181	0.6	1.5708	-7.8798	-4.648	0.6	1.5708	0.270899	-4.21699	0.6	1.5708	-1.53236	-9.647	0.6	1.5708	-5.19005	-0.277333	0.6	1.5708	-5.08277	-7.79985	0.6	1.5708	-3.80553	-3.97443	0.6	1.5708	
-5.09604	4.71607	0.6	1.5708	4.76432	-5.17345	0.6	1.5708	-7.74877	-4.7572	0.6	1.5708	0.38332	-3.9831	0.6	1.5708	-1.2761	-9.50915	0.6	1.5708	-5.16804	-0.257866	0.6	1.5708	-4.91385	-7.80361	0.6	1.5708	-3.66815	-4.00166	0.6	1.5708	
-5.12804	4.68007	0.6	1.5708	4.72432	-5.18145	0.6	1.5708	-7.60258	-4.87341	0.6	1.5708	0.48394	-3.74527	0.6	1.5708	-1.04123	-9.32113	0.6	1.5708	-5.18804	-0.265866	0.6	1.5708	-4.76581	-7.85931	0.6	1.5708	-3.57072	-3.98995	0.6	1.5708	
-5.13043	4.72806	0.6	1.5708	4.74346	-5.18516	0.6	1.5708	-7.47376	-4.98595	0.6	1.5708	0.59714	-3.51158	0.6	1.5708	-0.838041	-9.15312	0.6	1.5708	-5.17843	-0.240693	0.6	1.5708	-4.63115	-7.97785	0.6	1.5708	-3.4782	-3.96617	0.6	1.5708	
-5.15843	4.70406	0.6	1.5708	4.76276	-5.17212	0.6	1.5708	-7.34409	-5.12996	0.6	1.5708	0.726545	-3.28195	0.6	1.5708	-0.639775	-8.96151	0.6	1.5708	-5.21443	-0.260693	0.6	1.5708	-4.52219	-8.12593	0.6	1.5708	-3.38431	-3.92043	0.6	1.5708	
-5.13075	4.75124	0.6	1.5708	4.74276	-5.19613	0.6	1.5708	-7.20847	-5.25912	0.6	1.5708	0.84765	-3.02824	0.6	1.5708	-0.468679	-8.75684	0.6	1.5708	-5.21155	-0.244554	0.6	1.5708	-4.43864	-8.27552	0.6	1.5708	-3.26074	-3.84064	0.6	1.5708	
-5.15875	4.74724	0.6	1.5708	4.75821	-5.1969	0.6	1.5708	-7.04948	-5.38653	0.6	1.5708	0.949041	-2.77061	0.6	1.5708	-0.323096	-8.5221	0.6	1.5708	-5.19724	-0.219643	0.6	1.5708	-4.33654	-8.41216	0.6	1.5708	-3.14826	-3.73061	0.6	1.5708	
-5.18275	4.72724	0.6	1.5708	4.73021	-5.2369	0.6	1.5708	-6.85733	-5.4995	0.6	1.5708	1.08339	-2.50922	0.6	1.5708	-0.189487	-8.30337	0.6	1.5708	-5.22924	-0.231643	0.6	1.5708	-4.2066	-8.53836	0.6	1.5708	-3.02467	-3.62745	0.6	1.5708	
-5.1862	4.7738	0.6	1.5708	4.75617	-5.20952	0.6	1.5708	-6.65572	-5.55593	0.6	1.5708	1.2018	-2.25985	0.6	1.5708	-0.0557998	-8.08467	0.6	1.5708	-5.21539	-0.225315	0.6	1.5708	-4.05903	-8.68029	0.6	1.5708	-2.87191	-3.50319	0.6	1.5708	
-5.2262	4.7378	0.6	1.5708	4.78894	-5.17962	0.6	1.5708	-6.4564	-5.55014	0.6	1.5708	1.33259	-2.00258	0.6	1.5708	0.101968	-7.86599	0.6	1.5708	-5.22739	-0.233315	0.6	1.5708	-3.91833	-8.79911	0.6	1.5708	-2.73155	-3.39265	0.6	1.5708	
-5.20896	4.77424	0.6	1.5708	4.77694	-5.20762	0.6	1.5708	-6.27692	-5.53449	0.6	1.5708	1.4355	-1.75734	0.6	1.5708	0.235157	-7.63513	0.6	1.5708	-5.18991	-0.218652	0.6	1.5708	-3.73384	-8.85291	0.6	1.5708	-2.56465	-3.27122	0.6	1.5708	
-5.21696	4.75824	0.6	1.5708	4.77294	-5.23562	0.6	1.5708	-6.09419	-5.47375	0.6	1.5708	1.55129	-1.52033	0.6	1.5708	0.384645	-7.41236	0.6	1.5708	-5.21791	-0.222652	0.6	1.5708	-3.54587	-8.85897	0.6	1.5708	-2.41764	-3.16012	0.6	1.5708	
-5.20557	4.80259	0.6	1.5708	4.79835	-5.20049	0.6	1.5708	-5.9118	-5.40414	0.6	1.5708	1.66741	-1.25941	0.6	1.5708	0.460564	-7.18083	0.6	1.5708	-5.24591	-0.258652	0.6	1.5708	-3.35064	-8.82682	0.6	1.5708	-2.29024	-2.98564	0.6	1.5708	
-5.20957	4.77059	0.6	1.5708	4.77435	-5.22049	0.6	1.5708	-5.76544	-5.36331	0.6	1.5708	1.76834	-1.03071	0.6	1.5708	0.521639	-6.94459	0.6	1.5708	-5.24479	-0.240897	0.6	1.5708	-3.21149	-8.78102	0.6	1.5708	-2.16433	-2.80359	0.6	1.5708	
-5.23357	4.75859	0.6	1.5708	4.77035	-5.22849	0.6	1.5708	-5.63235	-5.31465	0.6	1.5708	1.89808	-0.774216	0.6	1.5708	0.547676	-6.71181	0.6	1.5708	-5.25109	-0.197492	0.6	1.5708	-3.08237	-8.72483	0.6	1.5708	-2.03121	-2.6128	0.6	1.5708	
-5.19485	4.77087	0.6	1.5708	4.77628	-5.18679	0.6	1.5708	-5.53388	-5.29172	0.6	1.5708	2.00812	-0.525807	0.6	1.5708	0.554941	-6.46335	0.6	1.5708	-5.23298	-0.159804	0.6	1.5708	-2.9597	-8.67746	0.6	1.5708	-1.90006	-2.403	0.6	1.5708	
-5.19885	4.76287	0.6	1.5708	4.74028	-5.20279	0.6	1.5708	-5.45111	-5.24137	0.6	1.5708	2.13114	-0.301661	0.6	1.5708	0.546751	-6.20612	0.6	1.5708	-5.23698	-0.171804	0.6	1.5708	-2.86647	-8.60721	0.6	1.5708	-1.79112	-2.16559	0.6	1.5708	
-5.20285	4.74287	0.6	1.5708	4.75222	-5.19423	0.6	1.5708	-5.37289	-5.2251	0.6	1.5708	2.26608	-0.073496	0.6	1.5708	0.536716	-5.9267	0.6	1.5708	-5.24098	-0.183804	0.6	1.5708	-2.75887	-8.50469	0.6	1.5708	-1.66371	-1.91985	0.6	1.5708	
-5.17028	4.7543	0.6	1.5708	4.73222	-5.22623	0.6	1.5708	-5.33831	-5.21208	0.6	1.5708	2.38451	0.16281	0.6	1.5708	0.554182	-5.66044	0.6	1.5708	-5.28098	-0.223804	0.6	1.5708	-2.65598	-8.39646	0.6	1.5708	-1.53746	-1.70712	0.6	1.5708	
-5.21028	4.7143	0.6	1.5708	4.76178	-5.19299	0.6	1.5708	-5.29065	-5.19766	0.6	1.5708	2.49136	0.403001	0.6	1.5708	0.553333	-5.42871	0.6	1.5708	-5.28339	-0.200981	0.6	1.5708	-2.56486	-8.28782	0.6	1.5708	-1.46874	-1.44387	0.6	1.5708	
-5.20023	4.73944	0.6	1.5708	4.72178	-5.22499	0.6	1.5708	-5.25652	-5.17813	0.6	1.5708	2.62736	0.642879	0.6	1.5708	0.566531	-5.14248	0.6	1.5708	-5.29645	-0.181711	0.6	1.5708	-2.46395	-8.17877	0.6	1.5708	-1.43474	-1.17718	0.6	1.5708	
-5.18018	4.77955	0.6	1.5708	4.75742	-5.21199	0.6	1.5708	-5.28852	-5.18613	0.6	1.5708	2.75509	0.890831	0.6	1.5708	0.567724	-4.87555	0.6	1.5708	-5.31777	-0.166708	0.6	1.5708	-2.34983	-8.03154	0.6	1.5708	-1.37391	-0.922081	0.6	1.5708	
-5.18818	4.74755	0.6	1.5708	4.79794	-5.20159	0.6	1.5708	-5.26934	-5.14033	0.6	1.5708	2.88323	1.14267	0.6	1.5708	0.638832	-4.61376	0.6	1.5708	-5.31179	-0.151924	0.6	1.5708	-2.2138	-7.88373	0.6	1.5708	-1.34116	-0.674969	0.6	1.5708	
-5.21618	4.74355	0.6	1.5708	4.78194	-5.22159	0.6	1.5708	-5.28134	-5.16433	0.6	1.5708	2.99993	1.40236	0.6	1.5708	0.744072	-4.34787	0.6	1.5708	-5.34029	-0.133394	0.6	1.5708	-2.08872	-7.71553	0.6	1.5708	-1.30723	-0.403995	0.6	1.5708	
-5.19694	4.76684	0.6	1.5708	4.74594	-5.25759	0.6	1.5708	-5.27664	-5.1276	0.6	1.5708	3.10628	1.62559	0.6	1.5708	0.833983	-4.0873	0.6	1.5708	-5.34806	-0.123051	0.6	1.5708	-1.93014	-7.49733	0.6	1.5708	-1.27579	-0.129201	0.6	1.5708	
-5.20494	4.75484	0.6	1.5708	4.78075	-5.22607	0.6	1.5708	-5.31264	-5.1636	0.6	1.5708	3.22982	1.88049	0.6	1.5708	0.940315	-3.80203	0.6	1.5708	-5.32866	-0.120921	0.6	1.5708	-1.74595	-7.29206	0.6	1.5708	-1.2305	0.121366	0.6	1.5708	
-5.17996	4.79187	0.6	1.5708	4.76475	-5.23007	0.6	1.5708	-5.26448	-5.14623	0.6	1.5708	3.33877	2.13899	0.6	1.5708	1.05471	-3.52542	0.6	1.5708	-5.28201	-0.113641	0.6	1.5708	-1.56427	-7.05504	0.6	1.5708	-1.17227	0.383815	0.6	1.5708	
-5.19596	4.77187	0.6	1.5708	4.7838	-5.19606	0.6	1.5708	-5.28048	-5.15023	0.6	1.5708	3.4787	2.36864	0.6	1.5708	1.20015	-3.26001	0.6	1.5708	-5.32201	-0.125641	0.6	1.5708	-1.39469	-6.82998	0.6	1.5708	-1.14157	0.626205	0.6	1.5708	
-5.22796	4.76387	0.6	1.5708	4.7438	-5.23206	0.6	1.5708	-5.24439	-5.15219	0.6	1.5708	3.59006	2.61845	0.6	1.5708	1.35059	-2.99881	0.6	1.5708	-5.29435	-0.110202	0.6	1.5708	-1.22493	-6.60899	0.6	1.5708	-1.08898	0.86835	0.6	1.5708	
-5.21836	4.7711	0.6	1.5708	4.75504	-5.19765	0.6	1.5708	-5.28439	-5.16019	0.6	1.5708	3.70852	2.86335	0.6	1.5708	1.52998	-2.76545	0.6	1.5708	-5.31835	-0.114202	0.6	1.5708	-1.04333	-6.37594	0.6	1.5708	-1.04769	1.11441	0.6	1.5708	
-5.19469	4.78488	0.6	1.5708	4.72704	-5.22965	0.6	1.5708	-5.23951	-5.15615	0.6	1.5708	3.86173	3.08344	0.6	1.5708	1.71382	-2.52717	0.6	1.5708	-5.29468	-0.107362	0.6	1.5708	-0.858311	-6.13867	0.6	1.5708	-0.976775	1.36024	0.6	1.5708	
-5.20269	4.78088	0.6	1.5708	4.77763	-5.19172	0.6	1.5708	-5.24351	-5.18415	0.6	1.5708	4.00061	3.31621	0.6	1.5708	1.94198	-2.32788	0.6	1.5708	-5.31868	-0.131362	0.6	1.5708	-0.690649	-5.92694	0.6	1.5708	-0.918202	1.61413	0.6	1.5708	
-5.23869	4.77688	0.6	1.5708	4.76963	-5.23172	0.6	1.5708	-5.26751	-5.18815	0.6	1.5708	4.1154	3.55702	0.6	1.5708	2.18735	-2.15189	0.6	1.5708	-5.29095	-0.12109	0.6	1.5708	-0.592519	-5.77355	0.6	1.5708	-0.850871	1.88391	0.6	1.5708	
-5.21495	4.8175	0.6	1.5708	4.82077	-5.23247	0.6	1.5708	-5.23801	-5.17452	0.6	1.5708	4.27049	3.78053	0.6	1.5708	2.44684	-1.96418	0.6	1.5708	-5.30295	-0.13709	0.6	1.5708	-0.506015	-5.64284	0.6	1.5708	-0.80704	2.14162	0.6	1.5708	
-5.23495	4.7775	0.6	1.5708	4.80077	-5.26447	0.6	1.5708	-5.24201	-5.18652	0.6	1.5708	4.40439	4.00842	0.6	1.5708	2.70953	-1.79194	0.6	1.5708	-5.27436	-0.149672	0.6	1.5708	-0.432812	-5.54627	0.6	1.5708	-0.736727	2.40699	0.6	1.5708	
-5.21196	4.806	0.6	1.5708	4.81786	-5.23274	0.6	1.5708	-5.28201	-5.21052	0.6	1.5708	4.51952	4.19474	0.6	1.5708	2.97374	-1.5941	0.6	1.5708	-5.29436	-0.185672	0.6	1.5708	-0.37425	-5.44902	0.6	1.5708	-0.66594	2.64429	0.6	1.5708	
-5.21596	4.786	0.6	1.5708	4.78586	-5.26874	0.6	1.5708	-5.25361	-5.20042	0.6	1.5708	4.60361	4.32779	0.6	1.5708	3.21313	-1.41574	0.6	1.5708	-5.26348	-0.156537	0.6	1.5708	-0.3154	-5.39521	0.6	1.5708	-0.603533	2.88165	0.6	1.5708	
-5.21996	4.75	0.6	1.5708	4.82469	-5.25099	0.6	1.5708	-5.22288	-5.20033	0.6	1.5708	4.67889	4.43823	0.6	1.5708	3.47547	-1.22072	0.6	1.5708	-5.27148	-0.188537	0.6	1.5708	-0.27632	-5.33217	0.6	1.5708	-0.544537	3.13092	0.6	1.5708	
-5.19997	4.788	0.6	1.5708	4.80069	-5.26299	0.6	1.5708	-5.25888	-5.22433	0.6	1.5708	4.70311	4.52659	0.6	1.5708	3.73225	-1.03671	0.6	1.5708	-5.24519	-0.17483	0.6	1.5708	-0.237056	-5.30174	0.6	1.5708	-0.483828	3.38795	0.6	1.5708	
-5.22397	4.772	0.6	1.5708	4.82455	-5.21439	0.6	1.5708	-5.22311	-5.19147	0.6	1.5708	4.74249	4.60527	0.6	1.5708	3.9618	-0.857367	0.6	1.5708	-5.28519	-0.21483	0.6	1.5708	-0.221645	-5.26139	0.6	1.5708	-0.428788	3.65663	0.6	1.5708	
-5.19918	4.7776	0.6	1.5708	4.80455	-5.23039	0.6	1.5708	-5.23911	-5.20347	0.6	1.5708	4.76599	4.66022	0.6	1.5708	4.12944	-0.693893	0.6	1.5708	-5.26815	-0.179864	0.6	1.5708	-0.213316	-5.22911	0.6	1.5708	-0.37103	3.9053	0.6	1.5708	
-5.23518	4.7416	0.6	1.5708	4.78055	-5.27039	0.6	1.5708	-5.27511	-5.23947	0.6	1.5708	4.80479	4.70817	0.6	1.5708	4.29155	-0.563115	0.6	1.5708	-5.23452	-0.179891	0.6	1.5708	-0.229316	-5.26911	0.6	1.5708	-0.300824	4.08824	0.6	1.5708	
-5.22014	4.76928	0.6	1.5708	4.82044	-5.25631	0.6	1.5708	-5.25609	-5.21557	0.6	1.5708	4.81983	4.73854	0.6	1.5708	4.40124	-0.470492	0.6	1.5708	-5.27052	-0.207891	0.6	1.5708	-0.215453	-5.23129	0.6	1.5708	-0.280659	4.25459	0.6	1.5708	
-5.18011	4.79943	0.6	1.5708	4.81244	-5.29631	0.6	1.5708	-5.21287	-5.18846	0.6	1.5708	4.84387	4.77083	0.6	1.5708	4.49699	-0.400393	0.6	1.5708	-5.23242	-0.206313	0.6	1.5708	-0.235453	-5.25129	0.6	1.5708	-0.252527	4.39967	0.6	1.5708	
-5.21611	4.77943	0.6	1.5708	4.80995	-5.26105	0.6	1.5708	-5.21687	-5.20446	0.6	1.5708	4.83187	4.74683	0.6	1.5708	4.56959	-0.360315	0.6	1.5708	-5.23642	-0.222313	0.6	1.5708	-0.204362	-5.24103	0.6	1.5708	-0.226022	4.49974	0.6	1.5708	
-5.22411	4.74743	0.6	1.5708	4.83996	-5.22484	0.6	1.5708	-5.22487	-5.22446	0.6	1.5708	4.80387	4.72283	0.6	1.5708	4.61567	-0.324252	0.6	1.5708	-5.20113	-0.18985	0.6	1.5708	-0.212362	-5.28103	0.6	1.5708	-0.188818	4.59579	0.6	1.5708	
-5.19129	4.78994	0.6	1.5708	4.81196	-5.22884	0.6	1.5708	-5.19189	-5.21157	0.6	1.5708	4.82309	4.73826	0.6	1.5708	4.66054	-0.283401	0.6	1.5708	-5.20913	-0.22985	0.6	1.5708	-0.18589	-5.25682	0.6	1.5708	-0.167054	4.65663	0.6	1.5708	
-5.20729	4.77394	0.6	1.5708	4.78396	-5.25284	0.6	1.5708	-5.22789	-5.22357	0.6	1.5708	4.78709	4.71026	0.6	1.5708	4.68843	-0.234721	0.6	1.5708	-5.24113	-0.23385	0.6	1.5708	-0.188712	-5.24146	0.6	1.5708	-0.173643	4.71731	0.6	1.5708	
-5.24329	4.75794	0.6	1.5708	4.81517	-5.21027	0.6	1.5708	-5.19032	-5.21085	0.6	1.5708	4.79368	4.74021	0.6	1.5708	4.74275	-0.191777	0.6	1.5708	-5.22091	-0.20708	0.6	1.5708	-0.212712	-5.27746	0.6	1.5708	-0.170915	4.74185	0.6	1.5708	
-5.20663	4.79435	0.6	1.5708	4.81117	-5.24627	0.6	1.5708	-5.21432	-5.25085	0.6	1.5708	4.81094	4.78017	0.6	1.5708	4.7862	-0.165422	0.6	1.5708	-5.23691	-0.21508	0.6	1.5708	-0.210169	-5.22997	0.6	1.5708	-0.186915	4.70585	0.6	1.5708	
-5.23063	4.77435	0.6	1.5708	4.77917	-5.26627	0.6	1.5708	-5.17545	-5.22868	0.6	1.5708	4.80294	4.77217	0.6	1.5708	4.7622	-0.193422	0.6	1.5708	-5.20952	-0.212064	0.6	1.5708	-0.230169	-5.23397	0.6	1.5708	-0.177532	4.74068	0.6	1.5708	
-5.20051	4.78748	0.6	1.5708	4.80334	-5.24102	0.6	1.5708	-5.20745	-5.26868	0.6	1.5708	4.76294	4.73217	0.6	1.5708	4.7582	-0.201422	0.6	1.5708	-5.24952	-0.216064	0.6	1.5708	-0.200136	-5.19917	0.6	1.5708	-0.209532	4.70468	0.6	1.5708	
-5.22451	4.76348	0.6	1.5708	4.79534	-5.26502	0.6	1.5708	-5.16996	-5.22295	0.6	1.5708	4.78635	4.76174	0.6	1.5708	4.7222	-0.205422	0.6	1.5708	-5.21562	-0.180851	0.6	1.5708	-0.240136	-5.20317	0.6	1.5708	-0.195625	4.74774	0.6	1.5708	
-5.2076	4.80279	0.6	1.5708	4.83227	-5.23201	0.6	1.5708	-5.20996	-5.25895	0.6	1.5708	4.81708	4.77339	0.6	1.5708	4.77376	-0.172337	0.6	1.5708	-5.24762	-0.196851	0.6	1.5708	-0.252136	-5.22317	0.6	1.5708	-0.1605	4.77019	0.6	1.5708	
-5.2116	4.79879	0.6	1.5708	4.82027	-5.23601	0.6	1.5708	-5.17997	-5.23516	0.6	1.5708	4.79708	4.73339	0.6	1.5708	4.74976	-0.208337	0.6	1.5708	-5.2021	-0.181481	0.6	1.5708	-0.237708	-5.20254	0.6	1.5708	-0.1885	4.75419	0.6	1.5708	
-5.2356	4.76679	0.6	1.5708	4.78827	-5.24801	0.6	1.5708	-5.19597	-5.27116	0.6	1.5708	4.82967	4.76671	0.6	1.5708	4.76381	-0.20267	0.6	1.5708	-5.2301	-0.221481	0.6	1.5708	-0.253708	-5.22654	0.6	1.5708	-0.2125	4.74219	0.6	1.5708	
-5.20848	4.78543	0.6	1.5708	4.82262	-5.23041	0.6	1.5708	-5.16878	-5.24493	0.6	1.5708	4.80967	4.73871	0.6	1.5708	4.75181	-0.22667	0.6	1.5708	-5.19208	-0.217185	0.6	1.5708	-0.242967	-5.21723	0.6	1.5708	-0.186	4.76975	0.6	1.5708	
-5.22848	4.77743	0.6	1.5708	4.79462	-5.26641	0.6	1.5708	-5.20078	-5.27693	0.6	1.5708	4.84373	4.77097	0.6	1.5708	4.78144	-0.205336	0.6	1.5708	-5.20808	-0.245185	0.6	1.5708	-0.230373	-5.20579	0.6	1.5708	-0.226	4.75375	0.6	1.5708	
-5.20279	4.78594	0.6	1.5708	4.83169	-5.23713	0.6	1.5708	-5.18462	-5.23754	0.6	1.5708	4.83573	4.73497	0.6	1.5708	4.74144	-0.213336	0.6	1.5708	-5.20246	-0.228148	0.6	1.5708	-0.234373	-5.21379	0.6	1.5708	-0.1888	4.787	0.6	1.5708	
-5.21079	4.75394	0.6	1.5708	4.79169	-5.26913	0.6	1.5708	-5.20862	-5.24154	0.6	1.5708	4.82773	4.69897	0.6	1.5708	4.77316	-0.186669	0.6	1.5708	-5.22646	-0.244148	0.6	1.5708	-0.195499	-5.18703	0.6	1.5708	-0.2168	4.767	0.6	1.5708	
-5.18063	4.77915	0.6	1.5708	4.80135	-5.2393	0.6	1.5708	-5.2069	-5.22523	0.6	1.5708	4.85019	4.72718	0.6	1.5708	4.73316	-0.222669	0.6	1.5708	-5.19717	-0.231318	0.6	1.5708	-0.199499	-5.21103	0.6	1.5708	-0.17744	4.8096	0.6	1.5708	
